object EDU.gatech.cc.is.simulation.SquiggleBallSim
	39.75897006578576 79.90884323969651 0 0.5 xFFA000 x000000 0 3.4763294909066076 5 0 43.741505828413295 69.93354373216681 71.0 48.0
object EDU.gatech.cc.is.simulation.SquiggleBallSim
	16.428689707231133 55.11113003718797 0 0.5 xFFA000 x000000 0 3.4763294909066076 5 0 43.741505828413295 69.93354373216681 71.0 48.0
object EDU.gatech.cc.is.simulation.SquiggleBallSim
	19.274877858902858 78.03492337449455 0 0.5 xFFA000 x000000 0 3.4763294909066076 5 0 43.741505828413295 69.93354373216681 71.0 48.0
object EDU.gatech.cc.is.simulation.SquiggleBallSim
	18.691163100219267 59.26013608325012 0 0.5 xFFA000 x000000 0 3.4763294909066076 5 0 43.741505828413295 69.93354373216681 71.0 48.0
object EDU.gatech.cc.is.simulation.SquiggleBallSim
	39.280661542985754 59.34260864035774 0 0.5 xFFA000 x000000 0 3.4763294909066076 5 0 43.741505828413295 69.93354373216681 71.0 48.0
object EDU.gatech.cc.is.simulation.SquiggleBallSim
	59.27958718441018 79.5044804275069 0 0.5 xFFA000 x000000 0 3.4763294909066076 5 0 43.741505828413295 69.93354373216681 71.0 48.0
object EDU.gatech.cc.is.simulation.SquiggleBallSim
	17.478793268850673 52.94452465117553 0 0.5 xFFA000 x000000 0 3.4763294909066076 5 0 43.741505828413295 69.93354373216681 71.0 48.0
object EDU.gatech.cc.is.simulation.SquiggleBallSim
	26.428757867601348 40.88509368003556 0 0.5 xFFA000 x000000 0 3.4763294909066076 5 0 43.741505828413295 69.93354373216681 71.0 48.0
object EDU.gatech.cc.is.simulation.SquiggleBallSim
	54.80284048674077 73.39394121175894 0 0.5 xFFA000 x000000 0 3.4763294909066076 5 0 43.741505828413295 69.93354373216681 71.0 48.0
object EDU.gatech.cc.is.simulation.SquiggleBallSim
	46.381466102355716 62.87967783323739 0 0.5 xFFA000 x000000 0 3.4763294909066076 5 0 43.741505828413295 69.93354373216681 71.0 48.0
object EDU.gatech.cc.is.simulation.SquiggleBallSim
	20.786878516833724 62.27144287369493 0 0.5 xFFA000 x000000 0 3.4763294909066076 5 0 43.741505828413295 69.93354373216681 71.0 48.0
object EDU.gatech.cc.is.simulation.SquiggleBallSim
	50.897731551144204 71.79570646661477 0 0.5 xFFA000 x000000 0 3.4763294909066076 5 0 43.741505828413295 69.93354373216681 71.0 48.0
object EDU.gatech.cc.is.simulation.SquiggleBallSim
	21.859781662523275 51.542218060180325 0 0.5 xFFA000 x000000 0 3.4763294909066076 5 0 43.741505828413295 69.93354373216681 71.0 48.0
object EDU.gatech.cc.is.simulation.SquiggleBallSim
	54.47344577472954 59.39192290398233 0 0.5 xFFA000 x000000 0 3.4763294909066076 5 0 43.741505828413295 69.93354373216681 71.0 48.0
object EDU.gatech.cc.is.simulation.SquiggleBallSim
	48.84544275578596 90.40754626767949 0 0.5 xFFA000 x000000 0 3.4763294909066076 5 0 43.741505828413295 69.93354373216681 71.0 48.0
object EDU.gatech.cc.is.simulation.SquiggleBallSim
	22.344642053731214 80.89667020795791 0 0.5 xFFA000 x000000 0 3.4763294909066076 5 0 43.741505828413295 69.93354373216681 71.0 48.0
object EDU.gatech.cc.is.simulation.SquiggleBallSim
	18.180220447310397 72.17254115317859 0 0.5 xFFA000 x000000 0 3.4763294909066076 5 0 43.741505828413295 69.93354373216681 71.0 48.0
object EDU.gatech.cc.is.simulation.SquiggleBallSim
	65.26336239939843 59.064271079484215 0 0.5 xFFA000 x000000 0 3.4763294909066076 5 0 43.741505828413295 69.93354373216681 71.0 48.0
object EDU.gatech.cc.is.simulation.SquiggleBallSim
	44.0853570887896 46.6208510328806 0 0.5 xFFA000 x000000 0 3.4763294909066076 5 0 43.741505828413295 69.93354373216681 71.0 48.0
object EDU.gatech.cc.is.simulation.SquiggleBallSim
	34.92177054483697 64.80217738977655 0 0.5 xFFA000 x000000 0 3.4763294909066076 5 0 43.741505828413295 69.93354373216681 71.0 48.0
object EDU.gatech.cc.is.simulation.SquiggleBallSim
	55.851347875145265 63.33814406688309 0 0.5 xFFA000 x000000 0 3.4763294909066076 5 0 43.741505828413295 69.93354373216681 71.0 48.0
object EDU.gatech.cc.is.simulation.SquiggleBallSim
	60.53806062403114 62.56994755788545 0 0.5 xFFA000 x000000 0 3.4763294909066076 5 0 43.741505828413295 69.93354373216681 71.0 48.0
object EDU.gatech.cc.is.simulation.SquiggleBallSim
	58.27741315218158 47.77977899799758 0 0.5 xFFA000 x000000 0 3.4763294909066076 5 0 43.741505828413295 69.93354373216681 71.0 48.0
object EDU.gatech.cc.is.simulation.SquiggleBallSim
	21.499527149581763 48.32709355635819 0 0.5 xFFA000 x000000 0 3.4763294909066076 5 0 43.741505828413295 69.93354373216681 71.0 48.0
object EDU.gatech.cc.is.simulation.SquiggleBallSim
	40.21801567289489 40.079601517101665 0 0.5 xFFA000 x000000 0 3.4763294909066076 5 0 43.741505828413295 69.93354373216681 71.0 48.0
object EDU.gatech.cc.is.simulation.SquiggleBallSim
	60.63872386823027 49.89689465385251 0 0.5 xFFA000 x000000 0 3.4763294909066076 5 0 43.741505828413295 69.93354373216681 71.0 48.0
object EDU.gatech.cc.is.simulation.SquiggleBallSim
	34.068642071128494 56.99475119558624 0 0.5 xFFA000 x000000 0 3.4763294909066076 5 0 43.741505828413295 69.93354373216681 71.0 48.0
object EDU.gatech.cc.is.simulation.SquiggleBallSim
	53.55287040586305 56.58374405554204 0 0.5 xFFA000 x000000 0 3.4763294909066076 5 0 43.741505828413295 69.93354373216681 71.0 48.0
object EDU.gatech.cc.is.simulation.SquiggleBallSim
	21.437618278944072 58.406937232348255 0 0.5 xFFA000 x000000 0 3.4763294909066076 5 0 43.741505828413295 69.93354373216681 71.0 48.0
object EDU.gatech.cc.is.simulation.SquiggleBallSim
	19.596473789336702 64.48579583888448 0 0.5 xFFA000 x000000 0 3.4763294909066076 5 0 43.741505828413295 69.93354373216681 71.0 48.0
object EDU.gatech.cc.is.simulation.SquiggleBallSim
	51.15182189796451 84.39640759161425 0 0.5 xFFA000 x000000 0 3.4763294909066076 5 0 43.741505828413295 69.93354373216681 71.0 48.0
object EDU.gatech.cc.is.simulation.SquiggleBallSim
	32.66242620893769 72.05483241761146 0 0.5 xFFA000 x000000 0 3.4763294909066076 5 0 43.741505828413295 69.93354373216681 71.0 48.0
object EDU.gatech.cc.is.simulation.SquiggleBallSim
	60.13926195345063 67.53242753045583 0 0.5 xFFA000 x000000 0 3.4763294909066076 5 0 43.741505828413295 69.93354373216681 71.0 48.0
object EDU.gatech.cc.is.simulation.SquiggleBallSim
	46.99179444574156 84.03981914049348 0 0.5 xFFA000 x000000 0 3.4763294909066076 5 0 43.741505828413295 69.93354373216681 71.0 48.0
object EDU.gatech.cc.is.simulation.SquiggleBallSim
	37.07412925305205 76.75463813840827 0 0.5 xFFA000 x000000 0 3.4763294909066076 5 0 43.741505828413295 69.93354373216681 71.0 48.0
object EDU.gatech.cc.is.simulation.SquiggleBallSim
	40.09075570932542 60.55549709820429 0 0.5 xFFA000 x000000 0 3.4763294909066076 5 0 43.741505828413295 69.93354373216681 71.0 48.0
object EDU.gatech.cc.is.simulation.SquiggleBallSim
	23.268644534612726 60.23806008924615 0 0.5 xFFA000 x000000 0 3.4763294909066076 5 0 43.741505828413295 69.93354373216681 71.0 48.0
object EDU.gatech.cc.is.simulation.SquiggleBallSim
	54.13979200515452 81.99270309097395 0 0.5 xFFA000 x000000 0 3.4763294909066076 5 0 43.741505828413295 69.93354373216681 71.0 48.0
object EDU.gatech.cc.is.simulation.SquiggleBallSim
	30.774141987714533 64.55850271762334 0 0.5 xFFA000 x000000 0 3.4763294909066076 5 0 43.741505828413295 69.93354373216681 71.0 48.0
object EDU.gatech.cc.is.simulation.SquiggleBallSim
	53.54165003999233 53.85366768833612 0 0.5 xFFA000 x000000 0 3.4763294909066076 5 0 43.741505828413295 69.93354373216681 71.0 48.0
object EDU.gatech.cc.is.simulation.SquiggleBallSim
	54.539554295197405 46.733439664105006 0 0.5 xFFA000 x000000 0 3.4763294909066076 5 0 43.741505828413295 69.93354373216681 71.0 48.0
object EDU.gatech.cc.is.simulation.SquiggleBallSim
	48.339078056935406 46.81042942658754 0 0.5 xFFA000 x000000 0 3.4763294909066076 5 0 43.741505828413295 69.93354373216681 71.0 48.0
object EDU.gatech.cc.is.simulation.SquiggleBallSim
	29.166960837243874 80.12973778215533 0 0.5 xFFA000 x000000 0 3.4763294909066076 5 0 43.741505828413295 69.93354373216681 71.0 48.0
object EDU.gatech.cc.is.simulation.SquiggleBallSim
	23.52532086576553 48.885893421431305 0 0.5 xFFA000 x000000 0 3.4763294909066076 5 0 43.741505828413295 69.93354373216681 71.0 48.0
object EDU.gatech.cc.is.simulation.SquiggleBallSim
	62.625530633306745 56.14706918273065 0 0.5 xFFA000 x000000 0 3.4763294909066076 5 0 43.741505828413295 69.93354373216681 71.0 48.0
object EDU.gatech.cc.is.simulation.SquiggleBallSim
	39.76896799312208 50.469319689792556 0 0.5 xFFA000 x000000 0 3.4763294909066076 5 0 43.741505828413295 69.93354373216681 71.0 48.0
object EDU.gatech.cc.is.simulation.SquiggleBallSim
	62.68326655680685 51.38615457407906 0 0.5 xFFA000 x000000 0 3.4763294909066076 5 0 43.741505828413295 69.93354373216681 71.0 48.0
object EDU.gatech.cc.is.simulation.SquiggleBallSim
	33.64590755154505 71.90642566999358 0 0.5 xFFA000 x000000 0 3.4763294909066076 5 0 43.741505828413295 69.93354373216681 71.0 48.0
object EDU.gatech.cc.is.simulation.SquiggleBallSim
	58.92158487101365 73.41464010965558 0 0.5 xFFA000 x000000 0 3.4763294909066076 5 0 43.741505828413295 69.93354373216681 71.0 48.0
object EDU.gatech.cc.is.simulation.SquiggleBallSim
	28.84948047510873 55.68335586283217 0 0.5 xFFA000 x000000 0 3.4763294909066076 5 0 43.741505828413295 69.93354373216681 71.0 48.0
object EDU.gatech.cc.is.simulation.SquiggleBallSim
	52.711155027168516 80.531449784948 0 0.5 xFFA000 x000000 0 3.4763294909066076 5 0 43.741505828413295 69.93354373216681 71.0 48.0
object EDU.gatech.cc.is.simulation.SquiggleBallSim
	26.465199555522435 42.899480485369295 0 0.5 xFFA000 x000000 0 3.4763294909066076 5 0 43.741505828413295 69.93354373216681 71.0 48.0
object EDU.gatech.cc.is.simulation.SquiggleBallSim
	44.97650271733058 80.01009032731747 0 0.5 xFFA000 x000000 0 3.4763294909066076 5 0 43.741505828413295 69.93354373216681 71.0 48.0
object EDU.gatech.cc.is.simulation.SquiggleBallSim
	20.831351724871134 66.56602581646138 0 0.5 xFFA000 x000000 0 3.4763294909066076 5 0 43.741505828413295 69.93354373216681 71.0 48.0
object EDU.gatech.cc.is.simulation.SquiggleBallSim
	38.52435386944504 84.92349674659627 0 0.5 xFFA000 x000000 0 3.4763294909066076 5 0 43.741505828413295 69.93354373216681 71.0 48.0
object EDU.gatech.cc.is.simulation.SquiggleBallSim
	51.35374314288049 73.34123338246079 0 0.5 xFFA000 x000000 0 3.4763294909066076 5 0 43.741505828413295 69.93354373216681 71.0 48.0
object EDU.gatech.cc.is.simulation.SquiggleBallSim
	39.36192572791582 86.48706839396542 0 0.5 xFFA000 x000000 0 3.4763294909066076 5 0 43.741505828413295 69.93354373216681 71.0 48.0
object EDU.gatech.cc.is.simulation.SquiggleBallSim
	40.34061671351765 80.60831462389501 0 0.5 xFFA000 x000000 0 3.4763294909066076 5 0 43.741505828413295 69.93354373216681 71.0 48.0
object EDU.gatech.cc.is.simulation.SquiggleBallSim
	30.187351365972766 77.40471079122554 0 0.5 xFFA000 x000000 0 3.4763294909066076 5 0 43.741505828413295 69.93354373216681 71.0 48.0
object EDU.gatech.cc.is.simulation.SquiggleBallSim
	29.44221293824691 71.4433432714007 0 0.5 xFFA000 x000000 0 3.4763294909066076 5 0 43.741505828413295 69.93354373216681 71.0 48.0
object EDU.gatech.cc.is.simulation.SquiggleBallSim
	51.98203196438714 86.71781779167469 0 0.5 xFFA000 x000000 0 3.4763294909066076 5 0 43.741505828413295 69.93354373216681 71.0 48.0
object EDU.gatech.cc.is.simulation.SquiggleBallSim
	58.718286111683604 82.60757819427721 0 0.5 xFFA000 x000000 0 3.4763294909066076 5 0 43.741505828413295 69.93354373216681 71.0 48.0
object EDU.gatech.cc.is.simulation.SquiggleBallSim
	40.97392264146351 57.429105886545585 0 0.5 xFFA000 x000000 0 3.4763294909066076 5 0 43.741505828413295 69.93354373216681 71.0 48.0
object EDU.gatech.cc.is.simulation.SquiggleBallSim
	27.46829261408929 78.59062461038164 0 0.5 xFFA000 x000000 0 3.4763294909066076 5 0 43.741505828413295 69.93354373216681 71.0 48.0
object EDU.gatech.cc.is.simulation.SquiggleBallSim
	22.621989161604624 35.70417891548497 0 0.5 xFFA000 x000000 0 3.4763294909066076 5 0 43.741505828413295 69.93354373216681 71.0 48.0
object EDU.gatech.cc.is.simulation.SquiggleBallSim
	43.24595644202966 63.74078278271889 0 0.5 xFFA000 x000000 0 3.4763294909066076 5 0 43.741505828413295 69.93354373216681 71.0 48.0
object EDU.gatech.cc.is.simulation.SquiggleBallSim
	17.69219621943159 53.56812457750105 0 0.5 xFFA000 x000000 0 3.4763294909066076 5 0 43.741505828413295 69.93354373216681 71.0 48.0
object EDU.gatech.cc.is.simulation.SquiggleBallSim
	35.52108026833679 38.65860885018974 0 0.5 xFFA000 x000000 0 3.4763294909066076 5 0 43.741505828413295 69.93354373216681 71.0 48.0
object EDU.gatech.cc.is.simulation.SquiggleBallSim
	60.342817248397594 47.38965195158703 0 0.5 xFFA000 x000000 0 3.4763294909066076 5 0 43.741505828413295 69.93354373216681 71.0 48.0
object EDU.gatech.cc.is.simulation.SquiggleBallSim
	29.505134691083477 74.88729432729878 0 0.5 xFFA000 x000000 0 3.4763294909066076 5 0 43.741505828413295 69.93354373216681 71.0 48.0
object EDU.gatech.cc.is.simulation.SquiggleBallSim
	55.99062133019381 57.248685368675936 0 0.5 xFFA000 x000000 0 3.4763294909066076 5 0 43.741505828413295 69.93354373216681 71.0 48.0
object EDU.gatech.cc.is.simulation.SquiggleBallSim
	22.271479853819923 75.56694566735953 0 0.5 xFFA000 x000000 0 3.4763294909066076 5 0 43.741505828413295 69.93354373216681 71.0 48.0
object EDU.gatech.cc.is.simulation.SquiggleBallSim
	62.644012914731945 48.36077688502606 0 0.5 xFFA000 x000000 0 3.4763294909066076 5 0 43.741505828413295 69.93354373216681 71.0 48.0
object EDU.gatech.cc.is.simulation.SquiggleBallSim
	38.72105635349848 81.54721687557048 0 0.5 xFFA000 x000000 0 3.4763294909066076 5 0 43.741505828413295 69.93354373216681 71.0 48.0
object EDU.gatech.cc.is.simulation.SquiggleBallSim
	12.485822600604822 69.69030529714229 0 0.5 xFFA000 x000000 0 3.4763294909066076 5 0 43.741505828413295 69.93354373216681 71.0 48.0
object EDU.gatech.cc.is.simulation.SquiggleBallSim
	20.212897024719965 72.62851506381459 0 0.5 xFFA000 x000000 0 3.4763294909066076 5 0 43.741505828413295 69.93354373216681 71.0 48.0
object EDU.gatech.cc.is.simulation.SquiggleBallSim
	47.57065003646754 46.03924919022566 0 0.5 xFFA000 x000000 0 3.4763294909066076 5 0 43.741505828413295 69.93354373216681 71.0 48.0
object EDU.gatech.cc.is.simulation.SquiggleBallSim
	18.98135067835362 46.5179308053507 0 0.5 xFFA000 x000000 0 3.4763294909066076 5 0 43.741505828413295 69.93354373216681 71.0 48.0
object EDU.gatech.cc.is.simulation.SquiggleBallSim
	47.140758310914 45.64444540662417 0 0.5 xFFA000 x000000 0 3.4763294909066076 5 0 43.741505828413295 69.93354373216681 71.0 48.0
object EDU.gatech.cc.is.simulation.SquiggleBallSim
	32.64272986807651 45.74240613523516 0 0.5 xFFA000 x000000 0 3.4763294909066076 5 0 43.741505828413295 69.93354373216681 71.0 48.0
object EDU.gatech.cc.is.simulation.SquiggleBallSim
	40.49718548071675 78.26920967570575 0 0.5 xFFA000 x000000 0 3.4763294909066076 5 0 43.741505828413295 69.93354373216681 71.0 48.0
object EDU.gatech.cc.is.simulation.SquiggleBallSim
	60.209331160463925 78.75981956448376 0 0.5 xFFA000 x000000 0 3.4763294909066076 5 0 43.741505828413295 69.93354373216681 71.0 48.0
object EDU.gatech.cc.is.simulation.SquiggleBallSim
	23.047057343209033 64.1521376724159 0 0.5 xFFA000 x000000 0 3.4763294909066076 5 0 43.741505828413295 69.93354373216681 71.0 48.0
object EDU.gatech.cc.is.simulation.SquiggleBallSim
	61.94766737489593 54.33247620282159 0 0.5 xFFA000 x000000 0 3.4763294909066076 5 0 43.741505828413295 69.93354373216681 71.0 48.0
object EDU.gatech.cc.is.simulation.SquiggleBallSim
	24.578091654832974 79.35079103059678 0 0.5 xFFA000 x000000 0 3.4763294909066076 5 0 43.741505828413295 69.93354373216681 71.0 48.0
object EDU.gatech.cc.is.simulation.SquiggleBallSim
	39.99849107227864 43.862722584780556 0 0.5 xFFA000 x000000 0 3.4763294909066076 5 0 43.741505828413295 69.93354373216681 71.0 48.0
object EDU.gatech.cc.is.simulation.SquiggleBallSim
	32.33290140856249 83.29013546428641 0 0.5 xFFA000 x000000 0 3.4763294909066076 5 0 43.741505828413295 69.93354373216681 71.0 48.0
object EDU.gatech.cc.is.simulation.SquiggleBallSim
	38.395848477488045 53.15974414970263 0 0.5 xFFA000 x000000 0 3.4763294909066076 5 0 43.741505828413295 69.93354373216681 71.0 48.0
object EDU.gatech.cc.is.simulation.SquiggleBallSim
	47.367693720689246 42.02463962799479 0 0.5 xFFA000 x000000 0 3.4763294909066076 5 0 43.741505828413295 69.93354373216681 71.0 48.0
object EDU.gatech.cc.is.simulation.SquiggleBallSim
	55.97760967555112 49.82087591047407 0 0.5 xFFA000 x000000 0 3.4763294909066076 5 0 43.741505828413295 69.93354373216681 71.0 48.0
object EDU.gatech.cc.is.simulation.SquiggleBallSim
	58.014863834196305 72.6316708904543 0 0.5 xFFA000 x000000 0 3.4763294909066076 5 0 43.741505828413295 69.93354373216681 71.0 48.0
object EDU.gatech.cc.is.simulation.SquiggleBallSim
	13.222448306599158 76.82779915189403 0 0.5 xFFA000 x000000 0 3.4763294909066076 5 0 43.741505828413295 69.93354373216681 71.0 48.0
object EDU.gatech.cc.is.simulation.SquiggleBallSim
	51.821542301566815 50.98468004707183 0 0.5 xFFA000 x000000 0 3.4763294909066076 5 0 43.741505828413295 69.93354373216681 71.0 48.0
object EDU.gatech.cc.is.simulation.SquiggleBallSim
	43.90383753807074 50.649762601559146 0 0.5 xFFA000 x000000 0 3.4763294909066076 5 0 43.741505828413295 69.93354373216681 71.0 48.0
object EDU.gatech.cc.is.simulation.SquiggleBallSim
	56.22144996488729 71.17234382722594 0 0.5 xFFA000 x000000 0 3.4763294909066076 5 0 43.741505828413295 69.93354373216681 71.0 48.0
object EDU.gatech.cc.is.simulation.SquiggleBallSim
	49.175138898935884 70.13222412812155 0 0.5 xFFA000 x000000 0 3.4763294909066076 5 0 43.741505828413295 69.93354373216681 71.0 48.0
object EDU.gatech.cc.is.simulation.SquiggleBallSim
	55.131213195502234 48.83372270959478 0 0.5 xFFA000 x000000 0 3.4763294909066076 5 0 43.741505828413295 69.93354373216681 71.0 48.0
object EDU.gatech.cc.is.simulation.SquiggleBallSim
	47.68814680847971 49.46656358352912 0 0.5 xFFA000 x000000 0 3.4763294909066076 5 0 43.741505828413295 69.93354373216681 71.0 48.0
object EDU.gatech.cc.is.simulation.SquiggleBallSim
	61.43920787669329 58.98487303283807 0 0.5 xFFA000 x000000 0 3.4763294909066076 5 0 43.741505828413295 69.93354373216681 71.0 48.0
object EDU.gatech.cc.is.simulation.SquiggleBallSim
	35.02138210962937 72.1865035825879 0 0.5 xFFA000 x000000 0 3.4763294909066076 5 0 43.741505828413295 69.93354373216681 71.0 48.0
