object EDU.gatech.cc.is.simulation.SquiggleBallSim
	58.16559586173227 71.61631307999951 0 0.5 xFFA000 x000000 0 3.4763294909066076 5 0 43.741505828413295 69.93354373216681 71.0 48.0
object EDU.gatech.cc.is.simulation.SquiggleBallSim
	18.33514140873217 60.906538226961544 0 0.5 xFFA000 x000000 0 3.4763294909066076 5 0 43.741505828413295 69.93354373216681 71.0 48.0
object EDU.gatech.cc.is.simulation.SquiggleBallSim
	57.6048706586363 55.28035375226018 0 0.5 xFFA000 x000000 0 3.4763294909066076 5 0 43.741505828413295 69.93354373216681 71.0 48.0
object EDU.gatech.cc.is.simulation.SquiggleBallSim
	52.96087421252808 78.14414123051564 0 0.5 xFFA000 x000000 0 3.4763294909066076 5 0 43.741505828413295 69.93354373216681 71.0 48.0
object EDU.gatech.cc.is.simulation.SquiggleBallSim
	24.81409353694533 80.1038377267021 0 0.5 xFFA000 x000000 0 3.4763294909066076 5 0 43.741505828413295 69.93354373216681 71.0 48.0
object EDU.gatech.cc.is.simulation.SquiggleBallSim
	40.277195212510364 61.99050486304978 0 0.5 xFFA000 x000000 0 3.4763294909066076 5 0 43.741505828413295 69.93354373216681 71.0 48.0
object EDU.gatech.cc.is.simulation.SquiggleBallSim
	27.530568831901544 41.14161863276544 0 0.5 xFFA000 x000000 0 3.4763294909066076 5 0 43.741505828413295 69.93354373216681 71.0 48.0
object EDU.gatech.cc.is.simulation.SquiggleBallSim
	25.91779190143069 68.13451559286219 0 0.5 xFFA000 x000000 0 3.4763294909066076 5 0 43.741505828413295 69.93354373216681 71.0 48.0
object EDU.gatech.cc.is.simulation.SquiggleBallSim
	26.651406840072312 66.00396528273588 0 0.5 xFFA000 x000000 0 3.4763294909066076 5 0 43.741505828413295 69.93354373216681 71.0 48.0
object EDU.gatech.cc.is.simulation.SquiggleBallSim
	36.23885924577782 43.422040089685666 0 0.5 xFFA000 x000000 0 3.4763294909066076 5 0 43.741505828413295 69.93354373216681 71.0 48.0
object EDU.gatech.cc.is.simulation.SquiggleBallSim
	27.02755330003961 72.22800720326336 0 0.5 xFFA000 x000000 0 3.4763294909066076 5 0 43.741505828413295 69.93354373216681 71.0 48.0
object EDU.gatech.cc.is.simulation.SquiggleBallSim
	43.2337963152798 77.9568148248849 0 0.5 xFFA000 x000000 0 3.4763294909066076 5 0 43.741505828413295 69.93354373216681 71.0 48.0
object EDU.gatech.cc.is.simulation.SquiggleBallSim
	27.928480112347874 77.50602225538307 0 0.5 xFFA000 x000000 0 3.4763294909066076 5 0 43.741505828413295 69.93354373216681 71.0 48.0
object EDU.gatech.cc.is.simulation.SquiggleBallSim
	45.95542597103201 69.77142260261465 0 0.5 xFFA000 x000000 0 3.4763294909066076 5 0 43.741505828413295 69.93354373216681 71.0 48.0
object EDU.gatech.cc.is.simulation.SquiggleBallSim
	21.181024090836594 66.25938445133967 0 0.5 xFFA000 x000000 0 3.4763294909066076 5 0 43.741505828413295 69.93354373216681 71.0 48.0
object EDU.gatech.cc.is.simulation.SquiggleBallSim
	23.620151235278954 65.05718377523266 0 0.5 xFFA000 x000000 0 3.4763294909066076 5 0 43.741505828413295 69.93354373216681 71.0 48.0
object EDU.gatech.cc.is.simulation.SquiggleBallSim
	18.26380045307623 77.5253461486058 0 0.5 xFFA000 x000000 0 3.4763294909066076 5 0 43.741505828413295 69.93354373216681 71.0 48.0
object EDU.gatech.cc.is.simulation.SquiggleBallSim
	34.40435581235867 41.01417155837269 0 0.5 xFFA000 x000000 0 3.4763294909066076 5 0 43.741505828413295 69.93354373216681 71.0 48.0
object EDU.gatech.cc.is.simulation.SquiggleBallSim
	40.2275003909354 47.867843937538595 0 0.5 xFFA000 x000000 0 3.4763294909066076 5 0 43.741505828413295 69.93354373216681 71.0 48.0
object EDU.gatech.cc.is.simulation.SquiggleBallSim
	22.157076289352872 40.078596006220316 0 0.5 xFFA000 x000000 0 3.4763294909066076 5 0 43.741505828413295 69.93354373216681 71.0 48.0
object EDU.gatech.cc.is.simulation.SquiggleBallSim
	30.89774733194297 43.871961885829265 0 0.5 xFFA000 x000000 0 3.4763294909066076 5 0 43.741505828413295 69.93354373216681 71.0 48.0
object EDU.gatech.cc.is.simulation.SquiggleBallSim
	23.95812130078425 50.402439839192134 0 0.5 xFFA000 x000000 0 3.4763294909066076 5 0 43.741505828413295 69.93354373216681 71.0 48.0
object EDU.gatech.cc.is.simulation.SquiggleBallSim
	25.056387798028616 54.025836661906965 0 0.5 xFFA000 x000000 0 3.4763294909066076 5 0 43.741505828413295 69.93354373216681 71.0 48.0
object EDU.gatech.cc.is.simulation.SquiggleBallSim
	56.435084303613294 57.50436137808681 0 0.5 xFFA000 x000000 0 3.4763294909066076 5 0 43.741505828413295 69.93354373216681 71.0 48.0
object EDU.gatech.cc.is.simulation.SquiggleBallSim
	58.36411030676523 81.06124922575839 0 0.5 xFFA000 x000000 0 3.4763294909066076 5 0 43.741505828413295 69.93354373216681 71.0 48.0
object EDU.gatech.cc.is.simulation.SquiggleBallSim
	43.784730820336016 80.39560458770339 0 0.5 xFFA000 x000000 0 3.4763294909066076 5 0 43.741505828413295 69.93354373216681 71.0 48.0
object EDU.gatech.cc.is.simulation.SquiggleBallSim
	32.36037401974237 43.81541262997057 0 0.5 xFFA000 x000000 0 3.4763294909066076 5 0 43.741505828413295 69.93354373216681 71.0 48.0
object EDU.gatech.cc.is.simulation.SquiggleBallSim
	54.62302263675872 83.46119542085788 0 0.5 xFFA000 x000000 0 3.4763294909066076 5 0 43.741505828413295 69.93354373216681 71.0 48.0
object EDU.gatech.cc.is.simulation.SquiggleBallSim
	54.55644578317903 59.94030209368533 0 0.5 xFFA000 x000000 0 3.4763294909066076 5 0 43.741505828413295 69.93354373216681 71.0 48.0
object EDU.gatech.cc.is.simulation.SquiggleBallSim
	52.96375330655975 59.98928506576133 0 0.5 xFFA000 x000000 0 3.4763294909066076 5 0 43.741505828413295 69.93354373216681 71.0 48.0
object EDU.gatech.cc.is.simulation.SquiggleBallSim
	64.55498725190286 65.25868717983425 0 0.5 xFFA000 x000000 0 3.4763294909066076 5 0 43.741505828413295 69.93354373216681 71.0 48.0
object EDU.gatech.cc.is.simulation.SquiggleBallSim
	17.595557172545618 62.47554122206709 0 0.5 xFFA000 x000000 0 3.4763294909066076 5 0 43.741505828413295 69.93354373216681 71.0 48.0
object EDU.gatech.cc.is.simulation.SquiggleBallSim
	32.30904566987674 59.33705233729213 0 0.5 xFFA000 x000000 0 3.4763294909066076 5 0 43.741505828413295 69.93354373216681 71.0 48.0
object EDU.gatech.cc.is.simulation.SquiggleBallSim
	23.12338175101305 78.34332347700142 0 0.5 xFFA000 x000000 0 3.4763294909066076 5 0 43.741505828413295 69.93354373216681 71.0 48.0
object EDU.gatech.cc.is.simulation.SquiggleBallSim
	25.8747664831485 77.67625246412766 0 0.5 xFFA000 x000000 0 3.4763294909066076 5 0 43.741505828413295 69.93354373216681 71.0 48.0
object EDU.gatech.cc.is.simulation.SquiggleBallSim
	33.34512093430994 70.11345187181145 0 0.5 xFFA000 x000000 0 3.4763294909066076 5 0 43.741505828413295 69.93354373216681 71.0 48.0
object EDU.gatech.cc.is.simulation.SquiggleBallSim
	19.400229216071196 61.19140203499257 0 0.5 xFFA000 x000000 0 3.4763294909066076 5 0 43.741505828413295 69.93354373216681 71.0 48.0
object EDU.gatech.cc.is.simulation.SquiggleBallSim
	43.1355124521151 65.34236421523914 0 0.5 xFFA000 x000000 0 3.4763294909066076 5 0 43.741505828413295 69.93354373216681 71.0 48.0
object EDU.gatech.cc.is.simulation.SquiggleBallSim
	31.657676924111627 81.11773160686585 0 0.5 xFFA000 x000000 0 3.4763294909066076 5 0 43.741505828413295 69.93354373216681 71.0 48.0
object EDU.gatech.cc.is.simulation.SquiggleBallSim
	46.387134001148034 89.12147894780504 0 0.5 xFFA000 x000000 0 3.4763294909066076 5 0 43.741505828413295 69.93354373216681 71.0 48.0
object EDU.gatech.cc.is.simulation.SquiggleBallSim
	64.77393443014205 47.524550005953756 0 0.5 xFFA000 x000000 0 3.4763294909066076 5 0 43.741505828413295 69.93354373216681 71.0 48.0
object EDU.gatech.cc.is.simulation.SquiggleBallSim
	21.376029441751456 55.96794143966903 0 0.5 xFFA000 x000000 0 3.4763294909066076 5 0 43.741505828413295 69.93354373216681 71.0 48.0
object EDU.gatech.cc.is.simulation.SquiggleBallSim
	29.93903832000707 50.40557568296957 0 0.5 xFFA000 x000000 0 3.4763294909066076 5 0 43.741505828413295 69.93354373216681 71.0 48.0
object EDU.gatech.cc.is.simulation.SquiggleBallSim
	54.77423135581009 64.9168906109802 0 0.5 xFFA000 x000000 0 3.4763294909066076 5 0 43.741505828413295 69.93354373216681 71.0 48.0
object EDU.gatech.cc.is.simulation.SquiggleBallSim
	27.457064707151336 40.03649942583815 0 0.5 xFFA000 x000000 0 3.4763294909066076 5 0 43.741505828413295 69.93354373216681 71.0 48.0
object EDU.gatech.cc.is.simulation.SquiggleBallSim
	44.589685566843656 71.0325065760913 0 0.5 xFFA000 x000000 0 3.4763294909066076 5 0 43.741505828413295 69.93354373216681 71.0 48.0
object EDU.gatech.cc.is.simulation.SquiggleBallSim
	62.56382041156054 65.22361690965674 0 0.5 xFFA000 x000000 0 3.4763294909066076 5 0 43.741505828413295 69.93354373216681 71.0 48.0
object EDU.gatech.cc.is.simulation.SquiggleBallSim
	35.408043385138804 62.3685458118444 0 0.5 xFFA000 x000000 0 3.4763294909066076 5 0 43.741505828413295 69.93354373216681 71.0 48.0
object EDU.gatech.cc.is.simulation.SquiggleBallSim
	37.32257069044839 86.58430908720129 0 0.5 xFFA000 x000000 0 3.4763294909066076 5 0 43.741505828413295 69.93354373216681 71.0 48.0
object EDU.gatech.cc.is.simulation.SquiggleBallSim
	46.666105137385564 44.73713752993182 0 0.5 xFFA000 x000000 0 3.4763294909066076 5 0 43.741505828413295 69.93354373216681 71.0 48.0
object EDU.gatech.cc.is.simulation.SquiggleBallSim
	45.97665707060902 55.26070642410637 0 0.5 xFFA000 x000000 0 3.4763294909066076 5 0 43.741505828413295 69.93354373216681 71.0 48.0
object EDU.gatech.cc.is.simulation.SquiggleBallSim
	40.46462516689719 50.738639857152876 0 0.5 xFFA000 x000000 0 3.4763294909066076 5 0 43.741505828413295 69.93354373216681 71.0 48.0
object EDU.gatech.cc.is.simulation.SquiggleBallSim
	25.54922287356475 81.40673132581449 0 0.5 xFFA000 x000000 0 3.4763294909066076 5 0 43.741505828413295 69.93354373216681 71.0 48.0
object EDU.gatech.cc.is.simulation.SquiggleBallSim
	51.70424759904696 92.27823206042777 0 0.5 xFFA000 x000000 0 3.4763294909066076 5 0 43.741505828413295 69.93354373216681 71.0 48.0
object EDU.gatech.cc.is.simulation.SquiggleBallSim
	57.88131534440009 73.87729405863874 0 0.5 xFFA000 x000000 0 3.4763294909066076 5 0 43.741505828413295 69.93354373216681 71.0 48.0
object EDU.gatech.cc.is.simulation.SquiggleBallSim
	62.27156376265728 50.57877470590067 0 0.5 xFFA000 x000000 0 3.4763294909066076 5 0 43.741505828413295 69.93354373216681 71.0 48.0
object EDU.gatech.cc.is.simulation.SquiggleBallSim
	46.86728770811059 54.964623544399956 0 0.5 xFFA000 x000000 0 3.4763294909066076 5 0 43.741505828413295 69.93354373216681 71.0 48.0
object EDU.gatech.cc.is.simulation.SquiggleBallSim
	25.110534170362882 75.26164125709447 0 0.5 xFFA000 x000000 0 3.4763294909066076 5 0 43.741505828413295 69.93354373216681 71.0 48.0
object EDU.gatech.cc.is.simulation.SquiggleBallSim
	52.638852154210475 60.63843220789248 0 0.5 xFFA000 x000000 0 3.4763294909066076 5 0 43.741505828413295 69.93354373216681 71.0 48.0
object EDU.gatech.cc.is.simulation.SquiggleBallSim
	65.2191726697769 60.77384123874717 0 0.5 xFFA000 x000000 0 3.4763294909066076 5 0 43.741505828413295 69.93354373216681 71.0 48.0
object EDU.gatech.cc.is.simulation.SquiggleBallSim
	61.399058686555755 49.380089650335066 0 0.5 xFFA000 x000000 0 3.4763294909066076 5 0 43.741505828413295 69.93354373216681 71.0 48.0
object EDU.gatech.cc.is.simulation.SquiggleBallSim
	63.44253797624246 50.18837281156796 0 0.5 xFFA000 x000000 0 3.4763294909066076 5 0 43.741505828413295 69.93354373216681 71.0 48.0
object EDU.gatech.cc.is.simulation.SquiggleBallSim
	43.90230912685276 83.55088739447285 0 0.5 xFFA000 x000000 0 3.4763294909066076 5 0 43.741505828413295 69.93354373216681 71.0 48.0
object EDU.gatech.cc.is.simulation.SquiggleBallSim
	24.731831756755415 57.8806601131693 0 0.5 xFFA000 x000000 0 3.4763294909066076 5 0 43.741505828413295 69.93354373216681 71.0 48.0
object EDU.gatech.cc.is.simulation.SquiggleBallSim
	38.656844277253455 42.50588324755786 0 0.5 xFFA000 x000000 0 3.4763294909066076 5 0 43.741505828413295 69.93354373216681 71.0 48.0
object EDU.gatech.cc.is.simulation.SquiggleBallSim
	48.858684893555626 81.53616025729181 0 0.5 xFFA000 x000000 0 3.4763294909066076 5 0 43.741505828413295 69.93354373216681 71.0 48.0
object EDU.gatech.cc.is.simulation.SquiggleBallSim
	48.75540427681812 61.335741516442525 0 0.5 xFFA000 x000000 0 3.4763294909066076 5 0 43.741505828413295 69.93354373216681 71.0 48.0
object EDU.gatech.cc.is.simulation.SquiggleBallSim
	40.35135607517323 49.739240886602474 0 0.5 xFFA000 x000000 0 3.4763294909066076 5 0 43.741505828413295 69.93354373216681 71.0 48.0
object EDU.gatech.cc.is.simulation.SquiggleBallSim
	50.54268718749419 54.2506207081488 0 0.5 xFFA000 x000000 0 3.4763294909066076 5 0 43.741505828413295 69.93354373216681 71.0 48.0
object EDU.gatech.cc.is.simulation.SquiggleBallSim
	53.30480145499106 59.64775512265693 0 0.5 xFFA000 x000000 0 3.4763294909066076 5 0 43.741505828413295 69.93354373216681 71.0 48.0
object EDU.gatech.cc.is.simulation.SquiggleBallSim
	32.13230625191993 63.86385227640318 0 0.5 xFFA000 x000000 0 3.4763294909066076 5 0 43.741505828413295 69.93354373216681 71.0 48.0
object EDU.gatech.cc.is.simulation.SquiggleBallSim
	14.778388511325687 62.66168784954335 0 0.5 xFFA000 x000000 0 3.4763294909066076 5 0 43.741505828413295 69.93354373216681 71.0 48.0
object EDU.gatech.cc.is.simulation.SquiggleBallSim
	23.208357516599328 59.929155820404134 0 0.5 xFFA000 x000000 0 3.4763294909066076 5 0 43.741505828413295 69.93354373216681 71.0 48.0
object EDU.gatech.cc.is.simulation.SquiggleBallSim
	43.70061092557412 65.00771345322062 0 0.5 xFFA000 x000000 0 3.4763294909066076 5 0 43.741505828413295 69.93354373216681 71.0 48.0
object EDU.gatech.cc.is.simulation.SquiggleBallSim
	55.11717659349313 59.257145754261245 0 0.5 xFFA000 x000000 0 3.4763294909066076 5 0 43.741505828413295 69.93354373216681 71.0 48.0
object EDU.gatech.cc.is.simulation.SquiggleBallSim
	24.212913423523776 74.44504576919331 0 0.5 xFFA000 x000000 0 3.4763294909066076 5 0 43.741505828413295 69.93354373216681 71.0 48.0
object EDU.gatech.cc.is.simulation.SquiggleBallSim
	16.359597655851893 63.27763395076862 0 0.5 xFFA000 x000000 0 3.4763294909066076 5 0 43.741505828413295 69.93354373216681 71.0 48.0
object EDU.gatech.cc.is.simulation.SquiggleBallSim
	50.17084362431118 76.62807335155892 0 0.5 xFFA000 x000000 0 3.4763294909066076 5 0 43.741505828413295 69.93354373216681 71.0 48.0
object EDU.gatech.cc.is.simulation.SquiggleBallSim
	30.924316082380624 41.06760999483416 0 0.5 xFFA000 x000000 0 3.4763294909066076 5 0 43.741505828413295 69.93354373216681 71.0 48.0
object EDU.gatech.cc.is.simulation.SquiggleBallSim
	37.873960141235514 79.11735043426589 0 0.5 xFFA000 x000000 0 3.4763294909066076 5 0 43.741505828413295 69.93354373216681 71.0 48.0
object EDU.gatech.cc.is.simulation.SquiggleBallSim
	19.15531722872863 63.665953398715345 0 0.5 xFFA000 x000000 0 3.4763294909066076 5 0 43.741505828413295 69.93354373216681 71.0 48.0
object EDU.gatech.cc.is.simulation.SquiggleBallSim
	29.9001097956129 83.61255988473002 0 0.5 xFFA000 x000000 0 3.4763294909066076 5 0 43.741505828413295 69.93354373216681 71.0 48.0
object EDU.gatech.cc.is.simulation.SquiggleBallSim
	28.665074897713556 45.03363423043609 0 0.5 xFFA000 x000000 0 3.4763294909066076 5 0 43.741505828413295 69.93354373216681 71.0 48.0
object EDU.gatech.cc.is.simulation.SquiggleBallSim
	68.2085768723086 52.07059426810084 0 0.5 xFFA000 x000000 0 3.4763294909066076 5 0 43.741505828413295 69.93354373216681 71.0 48.0
object EDU.gatech.cc.is.simulation.SquiggleBallSim
	60.60672223813145 61.9512758480879 0 0.5 xFFA000 x000000 0 3.4763294909066076 5 0 43.741505828413295 69.93354373216681 71.0 48.0
object EDU.gatech.cc.is.simulation.SquiggleBallSim
	37.106446775981894 65.7196941216007 0 0.5 xFFA000 x000000 0 3.4763294909066076 5 0 43.741505828413295 69.93354373216681 71.0 48.0
object EDU.gatech.cc.is.simulation.SquiggleBallSim
	53.94531152147976 87.18633526694799 0 0.5 xFFA000 x000000 0 3.4763294909066076 5 0 43.741505828413295 69.93354373216681 71.0 48.0
object EDU.gatech.cc.is.simulation.SquiggleBallSim
	41.76073045068943 56.515293482142724 0 0.5 xFFA000 x000000 0 3.4763294909066076 5 0 43.741505828413295 69.93354373216681 71.0 48.0
object EDU.gatech.cc.is.simulation.SquiggleBallSim
	54.356261060737225 84.39609239315348 0 0.5 xFFA000 x000000 0 3.4763294909066076 5 0 43.741505828413295 69.93354373216681 71.0 48.0
object EDU.gatech.cc.is.simulation.SquiggleBallSim
	38.199682161787656 56.61142655769473 0 0.5 xFFA000 x000000 0 3.4763294909066076 5 0 43.741505828413295 69.93354373216681 71.0 48.0
object EDU.gatech.cc.is.simulation.SquiggleBallSim
	30.78696846322765 51.28290944271904 0 0.5 xFFA000 x000000 0 3.4763294909066076 5 0 43.741505828413295 69.93354373216681 71.0 48.0
object EDU.gatech.cc.is.simulation.SquiggleBallSim
	33.21597828856023 79.20734279367973 0 0.5 xFFA000 x000000 0 3.4763294909066076 5 0 43.741505828413295 69.93354373216681 71.0 48.0
object EDU.gatech.cc.is.simulation.SquiggleBallSim
	39.75233012969363 52.19871252848195 0 0.5 xFFA000 x000000 0 3.4763294909066076 5 0 43.741505828413295 69.93354373216681 71.0 48.0
object EDU.gatech.cc.is.simulation.SquiggleBallSim
	18.986189491881188 71.29676994312877 0 0.5 xFFA000 x000000 0 3.4763294909066076 5 0 43.741505828413295 69.93354373216681 71.0 48.0
object EDU.gatech.cc.is.simulation.SquiggleBallSim
	25.91535682450507 57.295095104908526 0 0.5 xFFA000 x000000 0 3.4763294909066076 5 0 43.741505828413295 69.93354373216681 71.0 48.0
object EDU.gatech.cc.is.simulation.SquiggleBallSim
	58.159159659768505 60.82907730871335 0 0.5 xFFA000 x000000 0 3.4763294909066076 5 0 43.741505828413295 69.93354373216681 71.0 48.0
object EDU.gatech.cc.is.simulation.SquiggleBallSim
	50.56799675987105 50.681112458205654 0 0.5 xFFA000 x000000 0 3.4763294909066076 5 0 43.741505828413295 69.93354373216681 71.0 48.0
object EDU.gatech.cc.is.simulation.SquiggleBallSim
	19.869685095015527 74.67127248702832 0 0.5 xFFA000 x000000 0 3.4763294909066076 5 0 43.741505828413295 69.93354373216681 71.0 48.0
object EDU.gatech.cc.is.simulation.SquiggleBallSim
	28.126584845667406 64.86922048573771 0 0.5 xFFA000 x000000 0 3.4763294909066076 5 0 43.741505828413295 69.93354373216681 71.0 48.0
object EDU.gatech.cc.is.simulation.SquiggleBallSim
	43.223739861821294 46.71517735044169 0 0.5 xFFA000 x000000 0 3.4763294909066076 5 0 43.741505828413295 69.93354373216681 71.0 48.0
