object EDU.gatech.cc.is.simulation.SquiggleBallSim
	59.687986718938035 54.80167873885624 0 0.5 xFFA000 x000000 0 3.4763294909066076 5 0 43.741505828413295 69.93354373216681 71.0 48.0
object EDU.gatech.cc.is.simulation.SquiggleBallSim
	63.35843759491717 57.177488947516224 0 0.5 xFFA000 x000000 0 3.4763294909066076 5 0 43.741505828413295 69.93354373216681 71.0 48.0
object EDU.gatech.cc.is.simulation.SquiggleBallSim
	35.604454539156045 84.25914998080029 0 0.5 xFFA000 x000000 0 3.4763294909066076 5 0 43.741505828413295 69.93354373216681 71.0 48.0
object EDU.gatech.cc.is.simulation.SquiggleBallSim
	22.09660500706584 60.798365729169376 0 0.5 xFFA000 x000000 0 3.4763294909066076 5 0 43.741505828413295 69.93354373216681 71.0 48.0
object EDU.gatech.cc.is.simulation.SquiggleBallSim
	32.886096947430474 69.48301660404807 0 0.5 xFFA000 x000000 0 3.4763294909066076 5 0 43.741505828413295 69.93354373216681 71.0 48.0
object EDU.gatech.cc.is.simulation.SquiggleBallSim
	29.770257551116433 65.98911704628107 0 0.5 xFFA000 x000000 0 3.4763294909066076 5 0 43.741505828413295 69.93354373216681 71.0 48.0
object EDU.gatech.cc.is.simulation.SquiggleBallSim
	37.34705198451117 41.914264525112316 0 0.5 xFFA000 x000000 0 3.4763294909066076 5 0 43.741505828413295 69.93354373216681 71.0 48.0
object EDU.gatech.cc.is.simulation.SquiggleBallSim
	44.046213764102355 75.06100182409548 0 0.5 xFFA000 x000000 0 3.4763294909066076 5 0 43.741505828413295 69.93354373216681 71.0 48.0
object EDU.gatech.cc.is.simulation.SquiggleBallSim
	29.067081737881715 81.09564250654584 0 0.5 xFFA000 x000000 0 3.4763294909066076 5 0 43.741505828413295 69.93354373216681 71.0 48.0
object EDU.gatech.cc.is.simulation.SquiggleBallSim
	30.188622673645863 67.58655103786205 0 0.5 xFFA000 x000000 0 3.4763294909066076 5 0 43.741505828413295 69.93354373216681 71.0 48.0
object EDU.gatech.cc.is.simulation.SquiggleBallSim
	28.33271255750507 77.0639952724282 0 0.5 xFFA000 x000000 0 3.4763294909066076 5 0 43.741505828413295 69.93354373216681 71.0 48.0
object EDU.gatech.cc.is.simulation.SquiggleBallSim
	26.668505782473652 72.0487852552261 0 0.5 xFFA000 x000000 0 3.4763294909066076 5 0 43.741505828413295 69.93354373216681 71.0 48.0
object EDU.gatech.cc.is.simulation.SquiggleBallSim
	66.27252804783183 51.5506062568965 0 0.5 xFFA000 x000000 0 3.4763294909066076 5 0 43.741505828413295 69.93354373216681 71.0 48.0
object EDU.gatech.cc.is.simulation.SquiggleBallSim
	32.9112210673497 46.15762281597394 0 0.5 xFFA000 x000000 0 3.4763294909066076 5 0 43.741505828413295 69.93354373216681 71.0 48.0
object EDU.gatech.cc.is.simulation.SquiggleBallSim
	48.07072472049222 79.30279867104531 0 0.5 xFFA000 x000000 0 3.4763294909066076 5 0 43.741505828413295 69.93354373216681 71.0 48.0
object EDU.gatech.cc.is.simulation.SquiggleBallSim
	26.187777434024763 61.212417948841974 0 0.5 xFFA000 x000000 0 3.4763294909066076 5 0 43.741505828413295 69.93354373216681 71.0 48.0
object EDU.gatech.cc.is.simulation.SquiggleBallSim
	17.726060829103112 70.7984039876361 0 0.5 xFFA000 x000000 0 3.4763294909066076 5 0 43.741505828413295 69.93354373216681 71.0 48.0
object EDU.gatech.cc.is.simulation.SquiggleBallSim
	40.17203452727726 60.52221624792601 0 0.5 xFFA000 x000000 0 3.4763294909066076 5 0 43.741505828413295 69.93354373216681 71.0 48.0
object EDU.gatech.cc.is.simulation.SquiggleBallSim
	48.92408256943909 61.68870432657725 0 0.5 xFFA000 x000000 0 3.4763294909066076 5 0 43.741505828413295 69.93354373216681 71.0 48.0
object EDU.gatech.cc.is.simulation.SquiggleBallSim
	31.937997033638016 74.15621578171951 0 0.5 xFFA000 x000000 0 3.4763294909066076 5 0 43.741505828413295 69.93354373216681 71.0 48.0
object EDU.gatech.cc.is.simulation.SquiggleBallSim
	43.228753354129346 67.66782433895625 0 0.5 xFFA000 x000000 0 3.4763294909066076 5 0 43.741505828413295 69.93354373216681 71.0 48.0
object EDU.gatech.cc.is.simulation.SquiggleBallSim
	60.48817903156627 60.24442391349142 0 0.5 xFFA000 x000000 0 3.4763294909066076 5 0 43.741505828413295 69.93354373216681 71.0 48.0
object EDU.gatech.cc.is.simulation.SquiggleBallSim
	44.46589120690348 82.50846283568754 0 0.5 xFFA000 x000000 0 3.4763294909066076 5 0 43.741505828413295 69.93354373216681 71.0 48.0
object EDU.gatech.cc.is.simulation.SquiggleBallSim
	63.121653001566116 55.37223585319244 0 0.5 xFFA000 x000000 0 3.4763294909066076 5 0 43.741505828413295 69.93354373216681 71.0 48.0
object EDU.gatech.cc.is.simulation.SquiggleBallSim
	31.909136107833824 38.35876847134608 0 0.5 xFFA000 x000000 0 3.4763294909066076 5 0 43.741505828413295 69.93354373216681 71.0 48.0
object EDU.gatech.cc.is.simulation.SquiggleBallSim
	65.63561947158472 49.23277170005616 0 0.5 xFFA000 x000000 0 3.4763294909066076 5 0 43.741505828413295 69.93354373216681 71.0 48.0
object EDU.gatech.cc.is.simulation.SquiggleBallSim
	32.61212443878608 48.17473868389588 0 0.5 xFFA000 x000000 0 3.4763294909066076 5 0 43.741505828413295 69.93354373216681 71.0 48.0
object EDU.gatech.cc.is.simulation.SquiggleBallSim
	58.672512749426396 53.86294095613215 0 0.5 xFFA000 x000000 0 3.4763294909066076 5 0 43.741505828413295 69.93354373216681 71.0 48.0
object EDU.gatech.cc.is.simulation.SquiggleBallSim
	20.53936775240899 51.98022862710655 0 0.5 xFFA000 x000000 0 3.4763294909066076 5 0 43.741505828413295 69.93354373216681 71.0 48.0
object EDU.gatech.cc.is.simulation.SquiggleBallSim
	45.24462188954526 46.287968499327846 0 0.5 xFFA000 x000000 0 3.4763294909066076 5 0 43.741505828413295 69.93354373216681 71.0 48.0
object EDU.gatech.cc.is.simulation.SquiggleBallSim
	32.15981990415945 50.072927445941254 0 0.5 xFFA000 x000000 0 3.4763294909066076 5 0 43.741505828413295 69.93354373216681 71.0 48.0
object EDU.gatech.cc.is.simulation.SquiggleBallSim
	17.117717139757765 64.26792983026128 0 0.5 xFFA000 x000000 0 3.4763294909066076 5 0 43.741505828413295 69.93354373216681 71.0 48.0
object EDU.gatech.cc.is.simulation.SquiggleBallSim
	53.61411239189121 76.19283994490746 0 0.5 xFFA000 x000000 0 3.4763294909066076 5 0 43.741505828413295 69.93354373216681 71.0 48.0
object EDU.gatech.cc.is.simulation.SquiggleBallSim
	47.22178533366152 61.14077624347831 0 0.5 xFFA000 x000000 0 3.4763294909066076 5 0 43.741505828413295 69.93354373216681 71.0 48.0
object EDU.gatech.cc.is.simulation.SquiggleBallSim
	27.048113031233544 58.524476130127866 0 0.5 xFFA000 x000000 0 3.4763294909066076 5 0 43.741505828413295 69.93354373216681 71.0 48.0
object EDU.gatech.cc.is.simulation.SquiggleBallSim
	27.895848947686712 65.82311058252657 0 0.5 xFFA000 x000000 0 3.4763294909066076 5 0 43.741505828413295 69.93354373216681 71.0 48.0
object EDU.gatech.cc.is.simulation.SquiggleBallSim
	27.743757377903346 77.82337071620371 0 0.5 xFFA000 x000000 0 3.4763294909066076 5 0 43.741505828413295 69.93354373216681 71.0 48.0
object EDU.gatech.cc.is.simulation.SquiggleBallSim
	17.04664994932215 71.17288134302603 0 0.5 xFFA000 x000000 0 3.4763294909066076 5 0 43.741505828413295 69.93354373216681 71.0 48.0
object EDU.gatech.cc.is.simulation.SquiggleBallSim
	28.456007605960327 74.29807002268417 0 0.5 xFFA000 x000000 0 3.4763294909066076 5 0 43.741505828413295 69.93354373216681 71.0 48.0
object EDU.gatech.cc.is.simulation.SquiggleBallSim
	28.937799375547815 47.593671060819936 0 0.5 xFFA000 x000000 0 3.4763294909066076 5 0 43.741505828413295 69.93354373216681 71.0 48.0
object EDU.gatech.cc.is.simulation.SquiggleBallSim
	22.367681103354172 43.730990025575764 0 0.5 xFFA000 x000000 0 3.4763294909066076 5 0 43.741505828413295 69.93354373216681 71.0 48.0
object EDU.gatech.cc.is.simulation.SquiggleBallSim
	59.515698385289824 80.09247738782886 0 0.5 xFFA000 x000000 0 3.4763294909066076 5 0 43.741505828413295 69.93354373216681 71.0 48.0
object EDU.gatech.cc.is.simulation.SquiggleBallSim
	34.3481273243396 41.488285124924936 0 0.5 xFFA000 x000000 0 3.4763294909066076 5 0 43.741505828413295 69.93354373216681 71.0 48.0
object EDU.gatech.cc.is.simulation.SquiggleBallSim
	40.40002385483596 83.44219215818708 0 0.5 xFFA000 x000000 0 3.4763294909066076 5 0 43.741505828413295 69.93354373216681 71.0 48.0
object EDU.gatech.cc.is.simulation.SquiggleBallSim
	20.000097747693864 70.99374436778794 0 0.5 xFFA000 x000000 0 3.4763294909066076 5 0 43.741505828413295 69.93354373216681 71.0 48.0
object EDU.gatech.cc.is.simulation.SquiggleBallSim
	60.29948667337385 78.532856354346 0 0.5 xFFA000 x000000 0 3.4763294909066076 5 0 43.741505828413295 69.93354373216681 71.0 48.0
object EDU.gatech.cc.is.simulation.SquiggleBallSim
	51.19745651929542 87.07937465028807 0 0.5 xFFA000 x000000 0 3.4763294909066076 5 0 43.741505828413295 69.93354373216681 71.0 48.0
object EDU.gatech.cc.is.simulation.SquiggleBallSim
	50.621891271507316 77.88733827412494 0 0.5 xFFA000 x000000 0 3.4763294909066076 5 0 43.741505828413295 69.93354373216681 71.0 48.0
object EDU.gatech.cc.is.simulation.SquiggleBallSim
	42.26577712179313 59.43663889084942 0 0.5 xFFA000 x000000 0 3.4763294909066076 5 0 43.741505828413295 69.93354373216681 71.0 48.0
object EDU.gatech.cc.is.simulation.SquiggleBallSim
	25.101911824563775 57.238953927910785 0 0.5 xFFA000 x000000 0 3.4763294909066076 5 0 43.741505828413295 69.93354373216681 71.0 48.0
object EDU.gatech.cc.is.simulation.SquiggleBallSim
	30.6565802705258 77.0439114633823 0 0.5 xFFA000 x000000 0 3.4763294909066076 5 0 43.741505828413295 69.93354373216681 71.0 48.0
object EDU.gatech.cc.is.simulation.SquiggleBallSim
	58.127311961730015 45.8556109232739 0 0.5 xFFA000 x000000 0 3.4763294909066076 5 0 43.741505828413295 69.93354373216681 71.0 48.0
object EDU.gatech.cc.is.simulation.SquiggleBallSim
	43.445311021502285 75.87621396349238 0 0.5 xFFA000 x000000 0 3.4763294909066076 5 0 43.741505828413295 69.93354373216681 71.0 48.0
object EDU.gatech.cc.is.simulation.SquiggleBallSim
	36.19741491532355 58.672838381209615 0 0.5 xFFA000 x000000 0 3.4763294909066076 5 0 43.741505828413295 69.93354373216681 71.0 48.0
object EDU.gatech.cc.is.simulation.SquiggleBallSim
	37.729203417560576 44.65400345010235 0 0.5 xFFA000 x000000 0 3.4763294909066076 5 0 43.741505828413295 69.93354373216681 71.0 48.0
object EDU.gatech.cc.is.simulation.SquiggleBallSim
	30.833480325744752 66.2514807846976 0 0.5 xFFA000 x000000 0 3.4763294909066076 5 0 43.741505828413295 69.93354373216681 71.0 48.0
object EDU.gatech.cc.is.simulation.SquiggleBallSim
	33.11390303058806 47.163143933460425 0 0.5 xFFA000 x000000 0 3.4763294909066076 5 0 43.741505828413295 69.93354373216681 71.0 48.0
object EDU.gatech.cc.is.simulation.SquiggleBallSim
	66.11066146353052 50.62398756957273 0 0.5 xFFA000 x000000 0 3.4763294909066076 5 0 43.741505828413295 69.93354373216681 71.0 48.0
object EDU.gatech.cc.is.simulation.SquiggleBallSim
	29.524106891055418 46.03081235464311 0 0.5 xFFA000 x000000 0 3.4763294909066076 5 0 43.741505828413295 69.93354373216681 71.0 48.0
object EDU.gatech.cc.is.simulation.SquiggleBallSim
	31.25823637934187 76.48295503317979 0 0.5 xFFA000 x000000 0 3.4763294909066076 5 0 43.741505828413295 69.93354373216681 71.0 48.0
object EDU.gatech.cc.is.simulation.SquiggleBallSim
	58.67021760942747 60.67288949920198 0 0.5 xFFA000 x000000 0 3.4763294909066076 5 0 43.741505828413295 69.93354373216681 71.0 48.0
object EDU.gatech.cc.is.simulation.SquiggleBallSim
	53.00501897344434 68.01696864899334 0 0.5 xFFA000 x000000 0 3.4763294909066076 5 0 43.741505828413295 69.93354373216681 71.0 48.0
object EDU.gatech.cc.is.simulation.SquiggleBallSim
	22.870082435441176 48.052837354765686 0 0.5 xFFA000 x000000 0 3.4763294909066076 5 0 43.741505828413295 69.93354373216681 71.0 48.0
object EDU.gatech.cc.is.simulation.SquiggleBallSim
	48.07776381391556 83.97792938581512 0 0.5 xFFA000 x000000 0 3.4763294909066076 5 0 43.741505828413295 69.93354373216681 71.0 48.0
object EDU.gatech.cc.is.simulation.SquiggleBallSim
	61.948181676556075 65.95456073559187 0 0.5 xFFA000 x000000 0 3.4763294909066076 5 0 43.741505828413295 69.93354373216681 71.0 48.0
object EDU.gatech.cc.is.simulation.SquiggleBallSim
	30.71805950286884 39.330681750076224 0 0.5 xFFA000 x000000 0 3.4763294909066076 5 0 43.741505828413295 69.93354373216681 71.0 48.0
object EDU.gatech.cc.is.simulation.SquiggleBallSim
	44.87259599040775 55.113814777973204 0 0.5 xFFA000 x000000 0 3.4763294909066076 5 0 43.741505828413295 69.93354373216681 71.0 48.0
object EDU.gatech.cc.is.simulation.SquiggleBallSim
	23.983959459276697 74.03958493789884 0 0.5 xFFA000 x000000 0 3.4763294909066076 5 0 43.741505828413295 69.93354373216681 71.0 48.0
object EDU.gatech.cc.is.simulation.SquiggleBallSim
	45.61965945846969 77.29001884014018 0 0.5 xFFA000 x000000 0 3.4763294909066076 5 0 43.741505828413295 69.93354373216681 71.0 48.0
object EDU.gatech.cc.is.simulation.SquiggleBallSim
	15.706102334784934 72.40984561180979 0 0.5 xFFA000 x000000 0 3.4763294909066076 5 0 43.741505828413295 69.93354373216681 71.0 48.0
object EDU.gatech.cc.is.simulation.SquiggleBallSim
	42.086007945850426 55.33373438845451 0 0.5 xFFA000 x000000 0 3.4763294909066076 5 0 43.741505828413295 69.93354373216681 71.0 48.0
object EDU.gatech.cc.is.simulation.SquiggleBallSim
	60.84824988591854 65.55614194362806 0 0.5 xFFA000 x000000 0 3.4763294909066076 5 0 43.741505828413295 69.93354373216681 71.0 48.0
object EDU.gatech.cc.is.simulation.SquiggleBallSim
	32.14549923121373 72.79180932923688 0 0.5 xFFA000 x000000 0 3.4763294909066076 5 0 43.741505828413295 69.93354373216681 71.0 48.0
object EDU.gatech.cc.is.simulation.SquiggleBallSim
	26.54140107067239 39.95313334250999 0 0.5 xFFA000 x000000 0 3.4763294909066076 5 0 43.741505828413295 69.93354373216681 71.0 48.0
object EDU.gatech.cc.is.simulation.SquiggleBallSim
	52.79931580828699 70.57059407753633 0 0.5 xFFA000 x000000 0 3.4763294909066076 5 0 43.741505828413295 69.93354373216681 71.0 48.0
object EDU.gatech.cc.is.simulation.SquiggleBallSim
	31.150579282674602 76.76579941069997 0 0.5 xFFA000 x000000 0 3.4763294909066076 5 0 43.741505828413295 69.93354373216681 71.0 48.0
object EDU.gatech.cc.is.simulation.SquiggleBallSim
	58.448366623386505 53.98564505414484 0 0.5 xFFA000 x000000 0 3.4763294909066076 5 0 43.741505828413295 69.93354373216681 71.0 48.0
object EDU.gatech.cc.is.simulation.SquiggleBallSim
	62.348684428840414 57.96712858165992 0 0.5 xFFA000 x000000 0 3.4763294909066076 5 0 43.741505828413295 69.93354373216681 71.0 48.0
object EDU.gatech.cc.is.simulation.SquiggleBallSim
	20.5218619672194 77.24898830927927 0 0.5 xFFA000 x000000 0 3.4763294909066076 5 0 43.741505828413295 69.93354373216681 71.0 48.0
object EDU.gatech.cc.is.simulation.SquiggleBallSim
	62.940653958937965 58.963607302461824 0 0.5 xFFA000 x000000 0 3.4763294909066076 5 0 43.741505828413295 69.93354373216681 71.0 48.0
object EDU.gatech.cc.is.simulation.SquiggleBallSim
	58.91706364659891 54.87931365046761 0 0.5 xFFA000 x000000 0 3.4763294909066076 5 0 43.741505828413295 69.93354373216681 71.0 48.0
object EDU.gatech.cc.is.simulation.SquiggleBallSim
	32.45208097498618 62.81086159537469 0 0.5 xFFA000 x000000 0 3.4763294909066076 5 0 43.741505828413295 69.93354373216681 71.0 48.0
object EDU.gatech.cc.is.simulation.SquiggleBallSim
	46.906391653566594 56.908156046150665 0 0.5 xFFA000 x000000 0 3.4763294909066076 5 0 43.741505828413295 69.93354373216681 71.0 48.0
object EDU.gatech.cc.is.simulation.SquiggleBallSim
	43.80356848649236 50.86850506666216 0 0.5 xFFA000 x000000 0 3.4763294909066076 5 0 43.741505828413295 69.93354373216681 71.0 48.0
object EDU.gatech.cc.is.simulation.SquiggleBallSim
	52.248549953035 46.76088005430067 0 0.5 xFFA000 x000000 0 3.4763294909066076 5 0 43.741505828413295 69.93354373216681 71.0 48.0
object EDU.gatech.cc.is.simulation.SquiggleBallSim
	31.258025908368175 47.551762866241255 0 0.5 xFFA000 x000000 0 3.4763294909066076 5 0 43.741505828413295 69.93354373216681 71.0 48.0
object EDU.gatech.cc.is.simulation.SquiggleBallSim
	23.832670704505773 41.64672452682253 0 0.5 xFFA000 x000000 0 3.4763294909066076 5 0 43.741505828413295 69.93354373216681 71.0 48.0
object EDU.gatech.cc.is.simulation.SquiggleBallSim
	19.93542146484525 63.80154270392161 0 0.5 xFFA000 x000000 0 3.4763294909066076 5 0 43.741505828413295 69.93354373216681 71.0 48.0
object EDU.gatech.cc.is.simulation.SquiggleBallSim
	29.810212615006847 48.2495600970884 0 0.5 xFFA000 x000000 0 3.4763294909066076 5 0 43.741505828413295 69.93354373216681 71.0 48.0
object EDU.gatech.cc.is.simulation.SquiggleBallSim
	11.334952151370167 72.0912887760804 0 0.5 xFFA000 x000000 0 3.4763294909066076 5 0 43.741505828413295 69.93354373216681 71.0 48.0
object EDU.gatech.cc.is.simulation.SquiggleBallSim
	31.811563664610812 77.08149776419876 0 0.5 xFFA000 x000000 0 3.4763294909066076 5 0 43.741505828413295 69.93354373216681 71.0 48.0
object EDU.gatech.cc.is.simulation.SquiggleBallSim
	48.89348882737175 56.36474987005937 0 0.5 xFFA000 x000000 0 3.4763294909066076 5 0 43.741505828413295 69.93354373216681 71.0 48.0
object EDU.gatech.cc.is.simulation.SquiggleBallSim
	23.654558886781324 67.44841277716219 0 0.5 xFFA000 x000000 0 3.4763294909066076 5 0 43.741505828413295 69.93354373216681 71.0 48.0
object EDU.gatech.cc.is.simulation.SquiggleBallSim
	24.923316250333244 76.10370922262547 0 0.5 xFFA000 x000000 0 3.4763294909066076 5 0 43.741505828413295 69.93354373216681 71.0 48.0
object EDU.gatech.cc.is.simulation.SquiggleBallSim
	49.40582715259178 55.28438859254004 0 0.5 xFFA000 x000000 0 3.4763294909066076 5 0 43.741505828413295 69.93354373216681 71.0 48.0
object EDU.gatech.cc.is.simulation.SquiggleBallSim
	36.27807923232512 44.1801984070123 0 0.5 xFFA000 x000000 0 3.4763294909066076 5 0 43.741505828413295 69.93354373216681 71.0 48.0
object EDU.gatech.cc.is.simulation.SquiggleBallSim
	22.177219502720803 68.63906797845962 0 0.5 xFFA000 x000000 0 3.4763294909066076 5 0 43.741505828413295 69.93354373216681 71.0 48.0
object EDU.gatech.cc.is.simulation.SquiggleBallSim
	46.04727712813757 79.43822614999073 0 0.5 xFFA000 x000000 0 3.4763294909066076 5 0 43.741505828413295 69.93354373216681 71.0 48.0
object EDU.gatech.cc.is.simulation.SquiggleBallSim
	32.86616548525221 68.35821473685718 0 0.5 xFFA000 x000000 0 3.4763294909066076 5 0 43.741505828413295 69.93354373216681 71.0 48.0
object EDU.gatech.cc.is.simulation.SquiggleBallSim
	39.91496569051962 60.8588431377407 0 0.5 xFFA000 x000000 0 3.4763294909066076 5 0 43.741505828413295 69.93354373216681 71.0 48.0
