object EDU.gatech.cc.is.simulation.SquiggleBallSim
	62.06988893009003 52.857852888640664 0 0.5 xFFA000 x000000 0 3.4763294909066076 5 0 43.741505828413295 69.93354373216681 71.0 48.0
object EDU.gatech.cc.is.simulation.SquiggleBallSim
	50.64658992429652 73.35980693164063 0 0.5 xFFA000 x000000 0 3.4763294909066076 5 0 43.741505828413295 69.93354373216681 71.0 48.0
object EDU.gatech.cc.is.simulation.SquiggleBallSim
	18.93135306428928 60.86031919923078 0 0.5 xFFA000 x000000 0 3.4763294909066076 5 0 43.741505828413295 69.93354373216681 71.0 48.0
object EDU.gatech.cc.is.simulation.SquiggleBallSim
	34.307604496889134 63.67514491801231 0 0.5 xFFA000 x000000 0 3.4763294909066076 5 0 43.741505828413295 69.93354373216681 71.0 48.0
object EDU.gatech.cc.is.simulation.SquiggleBallSim
	49.808230337268824 85.41542101524365 0 0.5 xFFA000 x000000 0 3.4763294909066076 5 0 43.741505828413295 69.93354373216681 71.0 48.0
object EDU.gatech.cc.is.simulation.SquiggleBallSim
	48.29782002458597 72.61415242938097 0 0.5 xFFA000 x000000 0 3.4763294909066076 5 0 43.741505828413295 69.93354373216681 71.0 48.0
object EDU.gatech.cc.is.simulation.SquiggleBallSim
	61.91816724323948 72.80754650852043 0 0.5 xFFA000 x000000 0 3.4763294909066076 5 0 43.741505828413295 69.93354373216681 71.0 48.0
object EDU.gatech.cc.is.simulation.SquiggleBallSim
	62.42174091843355 50.95739110392672 0 0.5 xFFA000 x000000 0 3.4763294909066076 5 0 43.741505828413295 69.93354373216681 71.0 48.0
object EDU.gatech.cc.is.simulation.SquiggleBallSim
	14.70089660965465 60.79834321354053 0 0.5 xFFA000 x000000 0 3.4763294909066076 5 0 43.741505828413295 69.93354373216681 71.0 48.0
object EDU.gatech.cc.is.simulation.SquiggleBallSim
	21.46631154649524 70.18349835039922 0 0.5 xFFA000 x000000 0 3.4763294909066076 5 0 43.741505828413295 69.93354373216681 71.0 48.0
object EDU.gatech.cc.is.simulation.SquiggleBallSim
	32.659428938293615 47.49064324901934 0 0.5 xFFA000 x000000 0 3.4763294909066076 5 0 43.741505828413295 69.93354373216681 71.0 48.0
object EDU.gatech.cc.is.simulation.SquiggleBallSim
	50.34091927359534 77.63711801290395 0 0.5 xFFA000 x000000 0 3.4763294909066076 5 0 43.741505828413295 69.93354373216681 71.0 48.0
object EDU.gatech.cc.is.simulation.SquiggleBallSim
	46.55658970038844 67.20478261864505 0 0.5 xFFA000 x000000 0 3.4763294909066076 5 0 43.741505828413295 69.93354373216681 71.0 48.0
object EDU.gatech.cc.is.simulation.SquiggleBallSim
	41.33382037079002 82.35137487213503 0 0.5 xFFA000 x000000 0 3.4763294909066076 5 0 43.741505828413295 69.93354373216681 71.0 48.0
object EDU.gatech.cc.is.simulation.SquiggleBallSim
	38.42675270624042 72.8759027763659 0 0.5 xFFA000 x000000 0 3.4763294909066076 5 0 43.741505828413295 69.93354373216681 71.0 48.0
object EDU.gatech.cc.is.simulation.SquiggleBallSim
	21.035713411186606 70.07569726028291 0 0.5 xFFA000 x000000 0 3.4763294909066076 5 0 43.741505828413295 69.93354373216681 71.0 48.0
object EDU.gatech.cc.is.simulation.SquiggleBallSim
	54.469352958185794 46.76187091515234 0 0.5 xFFA000 x000000 0 3.4763294909066076 5 0 43.741505828413295 69.93354373216681 71.0 48.0
object EDU.gatech.cc.is.simulation.SquiggleBallSim
	42.879729655383905 86.00322712537798 0 0.5 xFFA000 x000000 0 3.4763294909066076 5 0 43.741505828413295 69.93354373216681 71.0 48.0
object EDU.gatech.cc.is.simulation.SquiggleBallSim
	41.76507562157266 52.807082323256964 0 0.5 xFFA000 x000000 0 3.4763294909066076 5 0 43.741505828413295 69.93354373216681 71.0 48.0
object EDU.gatech.cc.is.simulation.SquiggleBallSim
	58.103958917338815 71.76494791924387 0 0.5 xFFA000 x000000 0 3.4763294909066076 5 0 43.741505828413295 69.93354373216681 71.0 48.0
object EDU.gatech.cc.is.simulation.SquiggleBallSim
	49.336136687512855 89.26517763513496 0 0.5 xFFA000 x000000 0 3.4763294909066076 5 0 43.741505828413295 69.93354373216681 71.0 48.0
object EDU.gatech.cc.is.simulation.SquiggleBallSim
	39.87082772934113 70.91197954495158 0 0.5 xFFA000 x000000 0 3.4763294909066076 5 0 43.741505828413295 69.93354373216681 71.0 48.0
object EDU.gatech.cc.is.simulation.SquiggleBallSim
	49.23003342435891 48.89240094953662 0 0.5 xFFA000 x000000 0 3.4763294909066076 5 0 43.741505828413295 69.93354373216681 71.0 48.0
object EDU.gatech.cc.is.simulation.SquiggleBallSim
	30.118120077375522 79.59218814417028 0 0.5 xFFA000 x000000 0 3.4763294909066076 5 0 43.741505828413295 69.93354373216681 71.0 48.0
object EDU.gatech.cc.is.simulation.SquiggleBallSim
	41.336039630985695 75.28368139010794 0 0.5 xFFA000 x000000 0 3.4763294909066076 5 0 43.741505828413295 69.93354373216681 71.0 48.0
object EDU.gatech.cc.is.simulation.SquiggleBallSim
	50.48967898400897 55.29279296173109 0 0.5 xFFA000 x000000 0 3.4763294909066076 5 0 43.741505828413295 69.93354373216681 71.0 48.0
object EDU.gatech.cc.is.simulation.SquiggleBallSim
	31.473965832062117 63.34549486735743 0 0.5 xFFA000 x000000 0 3.4763294909066076 5 0 43.741505828413295 69.93354373216681 71.0 48.0
object EDU.gatech.cc.is.simulation.SquiggleBallSim
	59.26498829854265 72.36039506016878 0 0.5 xFFA000 x000000 0 3.4763294909066076 5 0 43.741505828413295 69.93354373216681 71.0 48.0
object EDU.gatech.cc.is.simulation.SquiggleBallSim
	65.01772096264096 48.342550545180025 0 0.5 xFFA000 x000000 0 3.4763294909066076 5 0 43.741505828413295 69.93354373216681 71.0 48.0
object EDU.gatech.cc.is.simulation.SquiggleBallSim
	65.4266784545768 61.82828778959692 0 0.5 xFFA000 x000000 0 3.4763294909066076 5 0 43.741505828413295 69.93354373216681 71.0 48.0
object EDU.gatech.cc.is.simulation.SquiggleBallSim
	39.54458362733196 50.5554954547145 0 0.5 xFFA000 x000000 0 3.4763294909066076 5 0 43.741505828413295 69.93354373216681 71.0 48.0
object EDU.gatech.cc.is.simulation.SquiggleBallSim
	29.45493645922212 77.0248624626844 0 0.5 xFFA000 x000000 0 3.4763294909066076 5 0 43.741505828413295 69.93354373216681 71.0 48.0
object EDU.gatech.cc.is.simulation.SquiggleBallSim
	39.38301207286783 86.41317414300045 0 0.5 xFFA000 x000000 0 3.4763294909066076 5 0 43.741505828413295 69.93354373216681 71.0 48.0
object EDU.gatech.cc.is.simulation.SquiggleBallSim
	52.30552086756887 72.13661772869096 0 0.5 xFFA000 x000000 0 3.4763294909066076 5 0 43.741505828413295 69.93354373216681 71.0 48.0
object EDU.gatech.cc.is.simulation.SquiggleBallSim
	31.564960097069584 67.74610983604475 0 0.5 xFFA000 x000000 0 3.4763294909066076 5 0 43.741505828413295 69.93354373216681 71.0 48.0
object EDU.gatech.cc.is.simulation.SquiggleBallSim
	41.913548773512886 53.04084925225137 0 0.5 xFFA000 x000000 0 3.4763294909066076 5 0 43.741505828413295 69.93354373216681 71.0 48.0
object EDU.gatech.cc.is.simulation.SquiggleBallSim
	57.93526887948088 58.09411615791947 0 0.5 xFFA000 x000000 0 3.4763294909066076 5 0 43.741505828413295 69.93354373216681 71.0 48.0
object EDU.gatech.cc.is.simulation.SquiggleBallSim
	58.459839182500296 55.42302503624152 0 0.5 xFFA000 x000000 0 3.4763294909066076 5 0 43.741505828413295 69.93354373216681 71.0 48.0
object EDU.gatech.cc.is.simulation.SquiggleBallSim
	44.17936425702497 76.5233570718012 0 0.5 xFFA000 x000000 0 3.4763294909066076 5 0 43.741505828413295 69.93354373216681 71.0 48.0
object EDU.gatech.cc.is.simulation.SquiggleBallSim
	58.20710001067085 53.218569359570864 0 0.5 xFFA000 x000000 0 3.4763294909066076 5 0 43.741505828413295 69.93354373216681 71.0 48.0
object EDU.gatech.cc.is.simulation.SquiggleBallSim
	29.932733736059095 78.70878431229639 0 0.5 xFFA000 x000000 0 3.4763294909066076 5 0 43.741505828413295 69.93354373216681 71.0 48.0
object EDU.gatech.cc.is.simulation.SquiggleBallSim
	33.31042617339868 64.96978343986336 0 0.5 xFFA000 x000000 0 3.4763294909066076 5 0 43.741505828413295 69.93354373216681 71.0 48.0
object EDU.gatech.cc.is.simulation.SquiggleBallSim
	55.80730833884045 55.26635065070866 0 0.5 xFFA000 x000000 0 3.4763294909066076 5 0 43.741505828413295 69.93354373216681 71.0 48.0
object EDU.gatech.cc.is.simulation.SquiggleBallSim
	17.471128677119637 56.17933080559325 0 0.5 xFFA000 x000000 0 3.4763294909066076 5 0 43.741505828413295 69.93354373216681 71.0 48.0
object EDU.gatech.cc.is.simulation.SquiggleBallSim
	35.64870574831019 40.18826568270866 0 0.5 xFFA000 x000000 0 3.4763294909066076 5 0 43.741505828413295 69.93354373216681 71.0 48.0
object EDU.gatech.cc.is.simulation.SquiggleBallSim
	45.849441858827696 74.843716914905 0 0.5 xFFA000 x000000 0 3.4763294909066076 5 0 43.741505828413295 69.93354373216681 71.0 48.0
object EDU.gatech.cc.is.simulation.SquiggleBallSim
	46.98303761076219 70.34578852798049 0 0.5 xFFA000 x000000 0 3.4763294909066076 5 0 43.741505828413295 69.93354373216681 71.0 48.0
object EDU.gatech.cc.is.simulation.SquiggleBallSim
	29.426111175391856 40.76379123449845 0 0.5 xFFA000 x000000 0 3.4763294909066076 5 0 43.741505828413295 69.93354373216681 71.0 48.0
object EDU.gatech.cc.is.simulation.SquiggleBallSim
	59.47369223908162 72.5503191540206 0 0.5 xFFA000 x000000 0 3.4763294909066076 5 0 43.741505828413295 69.93354373216681 71.0 48.0
object EDU.gatech.cc.is.simulation.SquiggleBallSim
	32.45015734345063 54.378879870432755 0 0.5 xFFA000 x000000 0 3.4763294909066076 5 0 43.741505828413295 69.93354373216681 71.0 48.0
object EDU.gatech.cc.is.simulation.SquiggleBallSim
	53.494385978965354 55.7388123916558 0 0.5 xFFA000 x000000 0 3.4763294909066076 5 0 43.741505828413295 69.93354373216681 71.0 48.0
object EDU.gatech.cc.is.simulation.SquiggleBallSim
	65.86090370141085 49.78774729995615 0 0.5 xFFA000 x000000 0 3.4763294909066076 5 0 43.741505828413295 69.93354373216681 71.0 48.0
object EDU.gatech.cc.is.simulation.SquiggleBallSim
	51.97095955194161 78.29705013790658 0 0.5 xFFA000 x000000 0 3.4763294909066076 5 0 43.741505828413295 69.93354373216681 71.0 48.0
object EDU.gatech.cc.is.simulation.SquiggleBallSim
	24.26189010196386 63.22422378224564 0 0.5 xFFA000 x000000 0 3.4763294909066076 5 0 43.741505828413295 69.93354373216681 71.0 48.0
object EDU.gatech.cc.is.simulation.SquiggleBallSim
	33.692396740643616 43.360365768417736 0 0.5 xFFA000 x000000 0 3.4763294909066076 5 0 43.741505828413295 69.93354373216681 71.0 48.0
object EDU.gatech.cc.is.simulation.SquiggleBallSim
	57.36078936793159 55.029681959980024 0 0.5 xFFA000 x000000 0 3.4763294909066076 5 0 43.741505828413295 69.93354373216681 71.0 48.0
object EDU.gatech.cc.is.simulation.SquiggleBallSim
	47.73133553528173 45.80367187598045 0 0.5 xFFA000 x000000 0 3.4763294909066076 5 0 43.741505828413295 69.93354373216681 71.0 48.0
object EDU.gatech.cc.is.simulation.SquiggleBallSim
	27.24736895886421 80.2919882073385 0 0.5 xFFA000 x000000 0 3.4763294909066076 5 0 43.741505828413295 69.93354373216681 71.0 48.0
object EDU.gatech.cc.is.simulation.SquiggleBallSim
	38.97299682131242 48.66894216874815 0 0.5 xFFA000 x000000 0 3.4763294909066076 5 0 43.741505828413295 69.93354373216681 71.0 48.0
object EDU.gatech.cc.is.simulation.SquiggleBallSim
	68.25517955504301 47.7217518737081 0 0.5 xFFA000 x000000 0 3.4763294909066076 5 0 43.741505828413295 69.93354373216681 71.0 48.0
object EDU.gatech.cc.is.simulation.SquiggleBallSim
	25.668354339966015 53.65036154532638 0 0.5 xFFA000 x000000 0 3.4763294909066076 5 0 43.741505828413295 69.93354373216681 71.0 48.0
object EDU.gatech.cc.is.simulation.SquiggleBallSim
	33.960358360032515 56.52085814841676 0 0.5 xFFA000 x000000 0 3.4763294909066076 5 0 43.741505828413295 69.93354373216681 71.0 48.0
object EDU.gatech.cc.is.simulation.SquiggleBallSim
	46.74095414052832 88.03273769903811 0 0.5 xFFA000 x000000 0 3.4763294909066076 5 0 43.741505828413295 69.93354373216681 71.0 48.0
object EDU.gatech.cc.is.simulation.SquiggleBallSim
	48.654642855155544 82.118874161493 0 0.5 xFFA000 x000000 0 3.4763294909066076 5 0 43.741505828413295 69.93354373216681 71.0 48.0
object EDU.gatech.cc.is.simulation.SquiggleBallSim
	59.671747872268234 54.74186136347082 0 0.5 xFFA000 x000000 0 3.4763294909066076 5 0 43.741505828413295 69.93354373216681 71.0 48.0
object EDU.gatech.cc.is.simulation.SquiggleBallSim
	57.12634783796257 50.21972409132839 0 0.5 xFFA000 x000000 0 3.4763294909066076 5 0 43.741505828413295 69.93354373216681 71.0 48.0
object EDU.gatech.cc.is.simulation.SquiggleBallSim
	38.72260366662918 56.42033127118194 0 0.5 xFFA000 x000000 0 3.4763294909066076 5 0 43.741505828413295 69.93354373216681 71.0 48.0
object EDU.gatech.cc.is.simulation.SquiggleBallSim
	28.289002595007986 38.87053605261651 0 0.5 xFFA000 x000000 0 3.4763294909066076 5 0 43.741505828413295 69.93354373216681 71.0 48.0
object EDU.gatech.cc.is.simulation.SquiggleBallSim
	22.43755706624941 58.14515165259366 0 0.5 xFFA000 x000000 0 3.4763294909066076 5 0 43.741505828413295 69.93354373216681 71.0 48.0
object EDU.gatech.cc.is.simulation.SquiggleBallSim
	59.167261617517006 78.906528093362 0 0.5 xFFA000 x000000 0 3.4763294909066076 5 0 43.741505828413295 69.93354373216681 71.0 48.0
object EDU.gatech.cc.is.simulation.SquiggleBallSim
	54.29059536461692 70.57563078258141 0 0.5 xFFA000 x000000 0 3.4763294909066076 5 0 43.741505828413295 69.93354373216681 71.0 48.0
object EDU.gatech.cc.is.simulation.SquiggleBallSim
	28.830114023582347 79.3089575248216 0 0.5 xFFA000 x000000 0 3.4763294909066076 5 0 43.741505828413295 69.93354373216681 71.0 48.0
object EDU.gatech.cc.is.simulation.SquiggleBallSim
	44.65319754993081 85.67597872065224 0 0.5 xFFA000 x000000 0 3.4763294909066076 5 0 43.741505828413295 69.93354373216681 71.0 48.0
object EDU.gatech.cc.is.simulation.SquiggleBallSim
	34.33085425335891 55.333128866970895 0 0.5 xFFA000 x000000 0 3.4763294909066076 5 0 43.741505828413295 69.93354373216681 71.0 48.0
object EDU.gatech.cc.is.simulation.SquiggleBallSim
	54.616264216806584 74.01950843851233 0 0.5 xFFA000 x000000 0 3.4763294909066076 5 0 43.741505828413295 69.93354373216681 71.0 48.0
object EDU.gatech.cc.is.simulation.SquiggleBallSim
	37.327003222663734 39.422581239946204 0 0.5 xFFA000 x000000 0 3.4763294909066076 5 0 43.741505828413295 69.93354373216681 71.0 48.0
object EDU.gatech.cc.is.simulation.SquiggleBallSim
	23.095597728312633 61.80800183749838 0 0.5 xFFA000 x000000 0 3.4763294909066076 5 0 43.741505828413295 69.93354373216681 71.0 48.0
object EDU.gatech.cc.is.simulation.SquiggleBallSim
	65.38541525136989 51.29871347981634 0 0.5 xFFA000 x000000 0 3.4763294909066076 5 0 43.741505828413295 69.93354373216681 71.0 48.0
object EDU.gatech.cc.is.simulation.SquiggleBallSim
	29.133257336611535 77.96146368098073 0 0.5 xFFA000 x000000 0 3.4763294909066076 5 0 43.741505828413295 69.93354373216681 71.0 48.0
object EDU.gatech.cc.is.simulation.SquiggleBallSim
	22.845791687527516 67.94793926462063 0 0.5 xFFA000 x000000 0 3.4763294909066076 5 0 43.741505828413295 69.93354373216681 71.0 48.0
object EDU.gatech.cc.is.simulation.SquiggleBallSim
	63.724033816423486 59.97999136684547 0 0.5 xFFA000 x000000 0 3.4763294909066076 5 0 43.741505828413295 69.93354373216681 71.0 48.0
object EDU.gatech.cc.is.simulation.SquiggleBallSim
	10.771810362270601 75.16601273653131 0 0.5 xFFA000 x000000 0 3.4763294909066076 5 0 43.741505828413295 69.93354373216681 71.0 48.0
object EDU.gatech.cc.is.simulation.SquiggleBallSim
	26.818927413700376 43.34036164253473 0 0.5 xFFA000 x000000 0 3.4763294909066076 5 0 43.741505828413295 69.93354373216681 71.0 48.0
object EDU.gatech.cc.is.simulation.SquiggleBallSim
	36.668610627497486 55.85918794282384 0 0.5 xFFA000 x000000 0 3.4763294909066076 5 0 43.741505828413295 69.93354373216681 71.0 48.0
object EDU.gatech.cc.is.simulation.SquiggleBallSim
	44.984366287060396 54.773823037883574 0 0.5 xFFA000 x000000 0 3.4763294909066076 5 0 43.741505828413295 69.93354373216681 71.0 48.0
object EDU.gatech.cc.is.simulation.SquiggleBallSim
	45.57525614271318 73.01960216896589 0 0.5 xFFA000 x000000 0 3.4763294909066076 5 0 43.741505828413295 69.93354373216681 71.0 48.0
object EDU.gatech.cc.is.simulation.SquiggleBallSim
	21.299822813929698 45.14135347659188 0 0.5 xFFA000 x000000 0 3.4763294909066076 5 0 43.741505828413295 69.93354373216681 71.0 48.0
object EDU.gatech.cc.is.simulation.SquiggleBallSim
	43.20607316362812 42.184343315401286 0 0.5 xFFA000 x000000 0 3.4763294909066076 5 0 43.741505828413295 69.93354373216681 71.0 48.0
object EDU.gatech.cc.is.simulation.SquiggleBallSim
	45.39665393403286 43.881654252401276 0 0.5 xFFA000 x000000 0 3.4763294909066076 5 0 43.741505828413295 69.93354373216681 71.0 48.0
object EDU.gatech.cc.is.simulation.SquiggleBallSim
	38.250508630188705 83.02747086831809 0 0.5 xFFA000 x000000 0 3.4763294909066076 5 0 43.741505828413295 69.93354373216681 71.0 48.0
object EDU.gatech.cc.is.simulation.SquiggleBallSim
	34.1063289423259 70.64818086312246 0 0.5 xFFA000 x000000 0 3.4763294909066076 5 0 43.741505828413295 69.93354373216681 71.0 48.0
object EDU.gatech.cc.is.simulation.SquiggleBallSim
	52.57184336536347 73.75352700299885 0 0.5 xFFA000 x000000 0 3.4763294909066076 5 0 43.741505828413295 69.93354373216681 71.0 48.0
object EDU.gatech.cc.is.simulation.SquiggleBallSim
	17.92254609733788 59.54834934897447 0 0.5 xFFA000 x000000 0 3.4763294909066076 5 0 43.741505828413295 69.93354373216681 71.0 48.0
object EDU.gatech.cc.is.simulation.SquiggleBallSim
	28.026378936306227 52.48950389602258 0 0.5 xFFA000 x000000 0 3.4763294909066076 5 0 43.741505828413295 69.93354373216681 71.0 48.0
object EDU.gatech.cc.is.simulation.SquiggleBallSim
	24.95913313945827 76.89189247893688 0 0.5 xFFA000 x000000 0 3.4763294909066076 5 0 43.741505828413295 69.93354373216681 71.0 48.0
object EDU.gatech.cc.is.simulation.SquiggleBallSim
	59.62605422997765 65.10321672589129 0 0.5 xFFA000 x000000 0 3.4763294909066076 5 0 43.741505828413295 69.93354373216681 71.0 48.0
object EDU.gatech.cc.is.simulation.SquiggleBallSim
	20.475633798289667 40.81366853956714 0 0.5 xFFA000 x000000 0 3.4763294909066076 5 0 43.741505828413295 69.93354373216681 71.0 48.0
object EDU.gatech.cc.is.simulation.SquiggleBallSim
	55.3642626027514 52.526617375912586 0 0.5 xFFA000 x000000 0 3.4763294909066076 5 0 43.741505828413295 69.93354373216681 71.0 48.0
object EDU.gatech.cc.is.simulation.SquiggleBallSim
	39.23288300083243 82.91908788968178 0 0.5 xFFA000 x000000 0 3.4763294909066076 5 0 43.741505828413295 69.93354373216681 71.0 48.0
object EDU.gatech.cc.is.simulation.SquiggleBallSim
	37.76555103392244 58.404556518372075 0 0.5 xFFA000 x000000 0 3.4763294909066076 5 0 43.741505828413295 69.93354373216681 71.0 48.0
