object EDU.gatech.cc.is.simulation.SquiggleBallSim
	49.49560645687225 68.43470389114216 0 0.5 xFFA000 x000000 0 3.4763294909066076 5 0 43.741505828413295 69.93354373216681 71.0 48.0
object EDU.gatech.cc.is.simulation.SquiggleBallSim
	35.686655779303976 80.83361770217262 0 0.5 xFFA000 x000000 0 3.4763294909066076 5 0 43.741505828413295 69.93354373216681 71.0 48.0
object EDU.gatech.cc.is.simulation.SquiggleBallSim
	34.12690061407378 66.6371902591368 0 0.5 xFFA000 x000000 0 3.4763294909066076 5 0 43.741505828413295 69.93354373216681 71.0 48.0
object EDU.gatech.cc.is.simulation.SquiggleBallSim
	36.05041969612914 60.299343690649486 0 0.5 xFFA000 x000000 0 3.4763294909066076 5 0 43.741505828413295 69.93354373216681 71.0 48.0
object EDU.gatech.cc.is.simulation.SquiggleBallSim
	23.100366707973585 36.816288050431226 0 0.5 xFFA000 x000000 0 3.4763294909066076 5 0 43.741505828413295 69.93354373216681 71.0 48.0
object EDU.gatech.cc.is.simulation.SquiggleBallSim
	31.374850176487037 74.54832206059027 0 0.5 xFFA000 x000000 0 3.4763294909066076 5 0 43.741505828413295 69.93354373216681 71.0 48.0
object EDU.gatech.cc.is.simulation.SquiggleBallSim
	35.31158579831871 53.28286347381367 0 0.5 xFFA000 x000000 0 3.4763294909066076 5 0 43.741505828413295 69.93354373216681 71.0 48.0
object EDU.gatech.cc.is.simulation.SquiggleBallSim
	34.48891758027662 58.42462513701754 0 0.5 xFFA000 x000000 0 3.4763294909066076 5 0 43.741505828413295 69.93354373216681 71.0 48.0
object EDU.gatech.cc.is.simulation.SquiggleBallSim
	65.60686383409544 59.79613437646417 0 0.5 xFFA000 x000000 0 3.4763294909066076 5 0 43.741505828413295 69.93354373216681 71.0 48.0
object EDU.gatech.cc.is.simulation.SquiggleBallSim
	51.66114336319278 68.87983690597991 0 0.5 xFFA000 x000000 0 3.4763294909066076 5 0 43.741505828413295 69.93354373216681 71.0 48.0
object EDU.gatech.cc.is.simulation.SquiggleBallSim
	22.907700981300554 56.93647745810235 0 0.5 xFFA000 x000000 0 3.4763294909066076 5 0 43.741505828413295 69.93354373216681 71.0 48.0
object EDU.gatech.cc.is.simulation.SquiggleBallSim
	47.023816990271534 66.0079048096762 0 0.5 xFFA000 x000000 0 3.4763294909066076 5 0 43.741505828413295 69.93354373216681 71.0 48.0
object EDU.gatech.cc.is.simulation.SquiggleBallSim
	52.52217359894918 69.54002158364044 0 0.5 xFFA000 x000000 0 3.4763294909066076 5 0 43.741505828413295 69.93354373216681 71.0 48.0
object EDU.gatech.cc.is.simulation.SquiggleBallSim
	34.301467880647955 53.06110427171764 0 0.5 xFFA000 x000000 0 3.4763294909066076 5 0 43.741505828413295 69.93354373216681 71.0 48.0
object EDU.gatech.cc.is.simulation.SquiggleBallSim
	58.94818964199148 75.79879142945757 0 0.5 xFFA000 x000000 0 3.4763294909066076 5 0 43.741505828413295 69.93354373216681 71.0 48.0
object EDU.gatech.cc.is.simulation.SquiggleBallSim
	54.34347324876932 85.74920457305356 0 0.5 xFFA000 x000000 0 3.4763294909066076 5 0 43.741505828413295 69.93354373216681 71.0 48.0
object EDU.gatech.cc.is.simulation.SquiggleBallSim
	19.95752594682746 54.65944927146732 0 0.5 xFFA000 x000000 0 3.4763294909066076 5 0 43.741505828413295 69.93354373216681 71.0 48.0
object EDU.gatech.cc.is.simulation.SquiggleBallSim
	31.408491415411618 45.97304395263261 0 0.5 xFFA000 x000000 0 3.4763294909066076 5 0 43.741505828413295 69.93354373216681 71.0 48.0
object EDU.gatech.cc.is.simulation.SquiggleBallSim
	40.2284390403682 87.5816335986949 0 0.5 xFFA000 x000000 0 3.4763294909066076 5 0 43.741505828413295 69.93354373216681 71.0 48.0
object EDU.gatech.cc.is.simulation.SquiggleBallSim
	33.62392552558521 75.1505787961157 0 0.5 xFFA000 x000000 0 3.4763294909066076 5 0 43.741505828413295 69.93354373216681 71.0 48.0
object EDU.gatech.cc.is.simulation.SquiggleBallSim
	22.197230615619162 77.86410924692524 0 0.5 xFFA000 x000000 0 3.4763294909066076 5 0 43.741505828413295 69.93354373216681 71.0 48.0
object EDU.gatech.cc.is.simulation.SquiggleBallSim
	26.07744473725597 54.00332846441381 0 0.5 xFFA000 x000000 0 3.4763294909066076 5 0 43.741505828413295 69.93354373216681 71.0 48.0
object EDU.gatech.cc.is.simulation.SquiggleBallSim
	40.89810000189678 67.68646509269547 0 0.5 xFFA000 x000000 0 3.4763294909066076 5 0 43.741505828413295 69.93354373216681 71.0 48.0
object EDU.gatech.cc.is.simulation.SquiggleBallSim
	62.44179081475883 65.64293125237262 0 0.5 xFFA000 x000000 0 3.4763294909066076 5 0 43.741505828413295 69.93354373216681 71.0 48.0
object EDU.gatech.cc.is.simulation.SquiggleBallSim
	60.65407151728263 66.205466581355 0 0.5 xFFA000 x000000 0 3.4763294909066076 5 0 43.741505828413295 69.93354373216681 71.0 48.0
object EDU.gatech.cc.is.simulation.SquiggleBallSim
	25.39620783828557 70.2234618483634 0 0.5 xFFA000 x000000 0 3.4763294909066076 5 0 43.741505828413295 69.93354373216681 71.0 48.0
object EDU.gatech.cc.is.simulation.SquiggleBallSim
	31.602437890799827 80.61271162139464 0 0.5 xFFA000 x000000 0 3.4763294909066076 5 0 43.741505828413295 69.93354373216681 71.0 48.0
object EDU.gatech.cc.is.simulation.SquiggleBallSim
	57.3024008908218 44.934204369420215 0 0.5 xFFA000 x000000 0 3.4763294909066076 5 0 43.741505828413295 69.93354373216681 71.0 48.0
object EDU.gatech.cc.is.simulation.SquiggleBallSim
	47.127929093289815 82.59281809309041 0 0.5 xFFA000 x000000 0 3.4763294909066076 5 0 43.741505828413295 69.93354373216681 71.0 48.0
object EDU.gatech.cc.is.simulation.SquiggleBallSim
	31.634614206632524 54.692588745259805 0 0.5 xFFA000 x000000 0 3.4763294909066076 5 0 43.741505828413295 69.93354373216681 71.0 48.0
object EDU.gatech.cc.is.simulation.SquiggleBallSim
	42.99862239081865 47.125404177226606 0 0.5 xFFA000 x000000 0 3.4763294909066076 5 0 43.741505828413295 69.93354373216681 71.0 48.0
object EDU.gatech.cc.is.simulation.SquiggleBallSim
	28.99196583080048 63.94427698279475 0 0.5 xFFA000 x000000 0 3.4763294909066076 5 0 43.741505828413295 69.93354373216681 71.0 48.0
object EDU.gatech.cc.is.simulation.SquiggleBallSim
	31.543899658052098 59.34141605237866 0 0.5 xFFA000 x000000 0 3.4763294909066076 5 0 43.741505828413295 69.93354373216681 71.0 48.0
object EDU.gatech.cc.is.simulation.SquiggleBallSim
	61.05335313390897 56.773025033689265 0 0.5 xFFA000 x000000 0 3.4763294909066076 5 0 43.741505828413295 69.93354373216681 71.0 48.0
object EDU.gatech.cc.is.simulation.SquiggleBallSim
	35.306939854418005 57.356078159187845 0 0.5 xFFA000 x000000 0 3.4763294909066076 5 0 43.741505828413295 69.93354373216681 71.0 48.0
object EDU.gatech.cc.is.simulation.SquiggleBallSim
	68.31972596813111 50.06186689354301 0 0.5 xFFA000 x000000 0 3.4763294909066076 5 0 43.741505828413295 69.93354373216681 71.0 48.0
object EDU.gatech.cc.is.simulation.SquiggleBallSim
	59.72889804896871 65.52924844190021 0 0.5 xFFA000 x000000 0 3.4763294909066076 5 0 43.741505828413295 69.93354373216681 71.0 48.0
object EDU.gatech.cc.is.simulation.SquiggleBallSim
	28.69193355783957 59.92996211827313 0 0.5 xFFA000 x000000 0 3.4763294909066076 5 0 43.741505828413295 69.93354373216681 71.0 48.0
object EDU.gatech.cc.is.simulation.SquiggleBallSim
	42.505555438289484 52.165059812485666 0 0.5 xFFA000 x000000 0 3.4763294909066076 5 0 43.741505828413295 69.93354373216681 71.0 48.0
object EDU.gatech.cc.is.simulation.SquiggleBallSim
	53.92069220829232 76.77155009887305 0 0.5 xFFA000 x000000 0 3.4763294909066076 5 0 43.741505828413295 69.93354373216681 71.0 48.0
object EDU.gatech.cc.is.simulation.SquiggleBallSim
	50.92462080773928 57.15538087203898 0 0.5 xFFA000 x000000 0 3.4763294909066076 5 0 43.741505828413295 69.93354373216681 71.0 48.0
object EDU.gatech.cc.is.simulation.SquiggleBallSim
	59.65209618035047 50.65351483782989 0 0.5 xFFA000 x000000 0 3.4763294909066076 5 0 43.741505828413295 69.93354373216681 71.0 48.0
object EDU.gatech.cc.is.simulation.SquiggleBallSim
	18.389546444500528 78.03556514036966 0 0.5 xFFA000 x000000 0 3.4763294909066076 5 0 43.741505828413295 69.93354373216681 71.0 48.0
object EDU.gatech.cc.is.simulation.SquiggleBallSim
	44.46046037996043 48.60156079070427 0 0.5 xFFA000 x000000 0 3.4763294909066076 5 0 43.741505828413295 69.93354373216681 71.0 48.0
object EDU.gatech.cc.is.simulation.SquiggleBallSim
	11.727826411722202 71.46525073909795 0 0.5 xFFA000 x000000 0 3.4763294909066076 5 0 43.741505828413295 69.93354373216681 71.0 48.0
object EDU.gatech.cc.is.simulation.SquiggleBallSim
	54.23451694701253 82.25632872571592 0 0.5 xFFA000 x000000 0 3.4763294909066076 5 0 43.741505828413295 69.93354373216681 71.0 48.0
object EDU.gatech.cc.is.simulation.SquiggleBallSim
	20.386278110345692 75.735453604381 0 0.5 xFFA000 x000000 0 3.4763294909066076 5 0 43.741505828413295 69.93354373216681 71.0 48.0
object EDU.gatech.cc.is.simulation.SquiggleBallSim
	53.39142969962221 81.4773274307907 0 0.5 xFFA000 x000000 0 3.4763294909066076 5 0 43.741505828413295 69.93354373216681 71.0 48.0
object EDU.gatech.cc.is.simulation.SquiggleBallSim
	40.40256246676938 68.0774691475313 0 0.5 xFFA000 x000000 0 3.4763294909066076 5 0 43.741505828413295 69.93354373216681 71.0 48.0
object EDU.gatech.cc.is.simulation.SquiggleBallSim
	39.40787357516949 70.44399209014212 0 0.5 xFFA000 x000000 0 3.4763294909066076 5 0 43.741505828413295 69.93354373216681 71.0 48.0
object EDU.gatech.cc.is.simulation.SquiggleBallSim
	46.482260410536625 82.96553922785638 0 0.5 xFFA000 x000000 0 3.4763294909066076 5 0 43.741505828413295 69.93354373216681 71.0 48.0
object EDU.gatech.cc.is.simulation.SquiggleBallSim
	27.970002719569056 46.08774686718802 0 0.5 xFFA000 x000000 0 3.4763294909066076 5 0 43.741505828413295 69.93354373216681 71.0 48.0
object EDU.gatech.cc.is.simulation.SquiggleBallSim
	24.971454923408725 50.52461077641877 0 0.5 xFFA000 x000000 0 3.4763294909066076 5 0 43.741505828413295 69.93354373216681 71.0 48.0
object EDU.gatech.cc.is.simulation.SquiggleBallSim
	47.33215194350064 48.22041806282915 0 0.5 xFFA000 x000000 0 3.4763294909066076 5 0 43.741505828413295 69.93354373216681 71.0 48.0
object EDU.gatech.cc.is.simulation.SquiggleBallSim
	22.07848826453482 44.70170143494396 0 0.5 xFFA000 x000000 0 3.4763294909066076 5 0 43.741505828413295 69.93354373216681 71.0 48.0
object EDU.gatech.cc.is.simulation.SquiggleBallSim
	23.860508632552275 39.12347737277353 0 0.5 xFFA000 x000000 0 3.4763294909066076 5 0 43.741505828413295 69.93354373216681 71.0 48.0
object EDU.gatech.cc.is.simulation.SquiggleBallSim
	24.237286843202618 55.61243800933954 0 0.5 xFFA000 x000000 0 3.4763294909066076 5 0 43.741505828413295 69.93354373216681 71.0 48.0
object EDU.gatech.cc.is.simulation.SquiggleBallSim
	31.254881334912874 51.62150122010307 0 0.5 xFFA000 x000000 0 3.4763294909066076 5 0 43.741505828413295 69.93354373216681 71.0 48.0
object EDU.gatech.cc.is.simulation.SquiggleBallSim
	52.94563630511195 70.8486478504163 0 0.5 xFFA000 x000000 0 3.4763294909066076 5 0 43.741505828413295 69.93354373216681 71.0 48.0
object EDU.gatech.cc.is.simulation.SquiggleBallSim
	48.16338391365463 76.5712044991406 0 0.5 xFFA000 x000000 0 3.4763294909066076 5 0 43.741505828413295 69.93354373216681 71.0 48.0
object EDU.gatech.cc.is.simulation.SquiggleBallSim
	59.12858561245459 70.3887296906747 0 0.5 xFFA000 x000000 0 3.4763294909066076 5 0 43.741505828413295 69.93354373216681 71.0 48.0
object EDU.gatech.cc.is.simulation.SquiggleBallSim
	38.37116365838675 43.04139552556059 0 0.5 xFFA000 x000000 0 3.4763294909066076 5 0 43.741505828413295 69.93354373216681 71.0 48.0
object EDU.gatech.cc.is.simulation.SquiggleBallSim
	51.11307212248796 65.52968928814064 0 0.5 xFFA000 x000000 0 3.4763294909066076 5 0 43.741505828413295 69.93354373216681 71.0 48.0
object EDU.gatech.cc.is.simulation.SquiggleBallSim
	54.16160686647894 76.21885942162612 0 0.5 xFFA000 x000000 0 3.4763294909066076 5 0 43.741505828413295 69.93354373216681 71.0 48.0
object EDU.gatech.cc.is.simulation.SquiggleBallSim
	41.07740204864187 79.14237263699937 0 0.5 xFFA000 x000000 0 3.4763294909066076 5 0 43.741505828413295 69.93354373216681 71.0 48.0
object EDU.gatech.cc.is.simulation.SquiggleBallSim
	58.170183502971476 62.140591560221694 0 0.5 xFFA000 x000000 0 3.4763294909066076 5 0 43.741505828413295 69.93354373216681 71.0 48.0
object EDU.gatech.cc.is.simulation.SquiggleBallSim
	40.7617345480202 48.05753379454089 0 0.5 xFFA000 x000000 0 3.4763294909066076 5 0 43.741505828413295 69.93354373216681 71.0 48.0
object EDU.gatech.cc.is.simulation.SquiggleBallSim
	28.825642194310362 65.00638042994038 0 0.5 xFFA000 x000000 0 3.4763294909066076 5 0 43.741505828413295 69.93354373216681 71.0 48.0
object EDU.gatech.cc.is.simulation.SquiggleBallSim
	47.338465381987575 72.8192416550553 0 0.5 xFFA000 x000000 0 3.4763294909066076 5 0 43.741505828413295 69.93354373216681 71.0 48.0
object EDU.gatech.cc.is.simulation.SquiggleBallSim
	64.24532674067217 47.074342057257816 0 0.5 xFFA000 x000000 0 3.4763294909066076 5 0 43.741505828413295 69.93354373216681 71.0 48.0
object EDU.gatech.cc.is.simulation.SquiggleBallSim
	65.10306973042373 47.45938577777061 0 0.5 xFFA000 x000000 0 3.4763294909066076 5 0 43.741505828413295 69.93354373216681 71.0 48.0
object EDU.gatech.cc.is.simulation.SquiggleBallSim
	43.49790923941737 60.83612564775373 0 0.5 xFFA000 x000000 0 3.4763294909066076 5 0 43.741505828413295 69.93354373216681 71.0 48.0
object EDU.gatech.cc.is.simulation.SquiggleBallSim
	16.205787039710376 58.12261886326843 0 0.5 xFFA000 x000000 0 3.4763294909066076 5 0 43.741505828413295 69.93354373216681 71.0 48.0
object EDU.gatech.cc.is.simulation.SquiggleBallSim
	19.070859993251766 66.14529132387122 0 0.5 xFFA000 x000000 0 3.4763294909066076 5 0 43.741505828413295 69.93354373216681 71.0 48.0
object EDU.gatech.cc.is.simulation.SquiggleBallSim
	28.81950523879236 67.91755281985562 0 0.5 xFFA000 x000000 0 3.4763294909066076 5 0 43.741505828413295 69.93354373216681 71.0 48.0
object EDU.gatech.cc.is.simulation.SquiggleBallSim
	27.814188833578505 70.28307313903574 0 0.5 xFFA000 x000000 0 3.4763294909066076 5 0 43.741505828413295 69.93354373216681 71.0 48.0
object EDU.gatech.cc.is.simulation.SquiggleBallSim
	53.92565924543783 88.81047991687905 0 0.5 xFFA000 x000000 0 3.4763294909066076 5 0 43.741505828413295 69.93354373216681 71.0 48.0
object EDU.gatech.cc.is.simulation.SquiggleBallSim
	61.285123458775196 52.90183846594519 0 0.5 xFFA000 x000000 0 3.4763294909066076 5 0 43.741505828413295 69.93354373216681 71.0 48.0
object EDU.gatech.cc.is.simulation.SquiggleBallSim
	29.30084757640702 64.21894576371932 0 0.5 xFFA000 x000000 0 3.4763294909066076 5 0 43.741505828413295 69.93354373216681 71.0 48.0
object EDU.gatech.cc.is.simulation.SquiggleBallSim
	47.02353197306458 48.28871088888148 0 0.5 xFFA000 x000000 0 3.4763294909066076 5 0 43.741505828413295 69.93354373216681 71.0 48.0
object EDU.gatech.cc.is.simulation.SquiggleBallSim
	54.75121834529017 58.523423414706144 0 0.5 xFFA000 x000000 0 3.4763294909066076 5 0 43.741505828413295 69.93354373216681 71.0 48.0
object EDU.gatech.cc.is.simulation.SquiggleBallSim
	28.606350531191328 63.32279629370862 0 0.5 xFFA000 x000000 0 3.4763294909066076 5 0 43.741505828413295 69.93354373216681 71.0 48.0
object EDU.gatech.cc.is.simulation.SquiggleBallSim
	19.1750099755661 60.05628114886096 0 0.5 xFFA000 x000000 0 3.4763294909066076 5 0 43.741505828413295 69.93354373216681 71.0 48.0
object EDU.gatech.cc.is.simulation.SquiggleBallSim
	23.89529757121665 66.36280248360603 0 0.5 xFFA000 x000000 0 3.4763294909066076 5 0 43.741505828413295 69.93354373216681 71.0 48.0
object EDU.gatech.cc.is.simulation.SquiggleBallSim
	18.906033420859647 57.96876041326004 0 0.5 xFFA000 x000000 0 3.4763294909066076 5 0 43.741505828413295 69.93354373216681 71.0 48.0
object EDU.gatech.cc.is.simulation.SquiggleBallSim
	63.397074827519916 62.25533398561065 0 0.5 xFFA000 x000000 0 3.4763294909066076 5 0 43.741505828413295 69.93354373216681 71.0 48.0
object EDU.gatech.cc.is.simulation.SquiggleBallSim
	45.04791086091071 68.89401177338557 0 0.5 xFFA000 x000000 0 3.4763294909066076 5 0 43.741505828413295 69.93354373216681 71.0 48.0
object EDU.gatech.cc.is.simulation.SquiggleBallSim
	60.24369536886224 67.9096065790873 0 0.5 xFFA000 x000000 0 3.4763294909066076 5 0 43.741505828413295 69.93354373216681 71.0 48.0
object EDU.gatech.cc.is.simulation.SquiggleBallSim
	57.30143107195183 49.28052785119953 0 0.5 xFFA000 x000000 0 3.4763294909066076 5 0 43.741505828413295 69.93354373216681 71.0 48.0
object EDU.gatech.cc.is.simulation.SquiggleBallSim
	25.43041576050641 71.69492575086838 0 0.5 xFFA000 x000000 0 3.4763294909066076 5 0 43.741505828413295 69.93354373216681 71.0 48.0
object EDU.gatech.cc.is.simulation.SquiggleBallSim
	46.81929983581526 78.81987220261584 0 0.5 xFFA000 x000000 0 3.4763294909066076 5 0 43.741505828413295 69.93354373216681 71.0 48.0
object EDU.gatech.cc.is.simulation.SquiggleBallSim
	46.65878913263101 75.75740113473861 0 0.5 xFFA000 x000000 0 3.4763294909066076 5 0 43.741505828413295 69.93354373216681 71.0 48.0
object EDU.gatech.cc.is.simulation.SquiggleBallSim
	34.18639185684893 61.12301417066943 0 0.5 xFFA000 x000000 0 3.4763294909066076 5 0 43.741505828413295 69.93354373216681 71.0 48.0
object EDU.gatech.cc.is.simulation.SquiggleBallSim
	26.120346280785014 44.660987977201614 0 0.5 xFFA000 x000000 0 3.4763294909066076 5 0 43.741505828413295 69.93354373216681 71.0 48.0
object EDU.gatech.cc.is.simulation.SquiggleBallSim
	42.249744239004706 41.78762306482868 0 0.5 xFFA000 x000000 0 3.4763294909066076 5 0 43.741505828413295 69.93354373216681 71.0 48.0
object EDU.gatech.cc.is.simulation.SquiggleBallSim
	21.57099267040132 76.8194438525099 0 0.5 xFFA000 x000000 0 3.4763294909066076 5 0 43.741505828413295 69.93354373216681 71.0 48.0
object EDU.gatech.cc.is.simulation.SquiggleBallSim
	24.14770116486597 56.29625337990102 0 0.5 xFFA000 x000000 0 3.4763294909066076 5 0 43.741505828413295 69.93354373216681 71.0 48.0
object EDU.gatech.cc.is.simulation.SquiggleBallSim
	45.62495229660398 63.45883853074773 0 0.5 xFFA000 x000000 0 3.4763294909066076 5 0 43.741505828413295 69.93354373216681 71.0 48.0
object EDU.gatech.cc.is.simulation.SquiggleBallSim
	41.33092562057905 66.62831783540649 0 0.5 xFFA000 x000000 0 3.4763294909066076 5 0 43.741505828413295 69.93354373216681 71.0 48.0
object EDU.gatech.cc.is.simulation.SquiggleBallSim
	64.86724496301689 48.530336920530345 0 0.5 xFFA000 x000000 0 3.4763294909066076 5 0 43.741505828413295 69.93354373216681 71.0 48.0
